measured_X,measured_Y,estimated_X,estimated_Y,delta_x,delta_y,Time
2167.0,1443.0,2167.0,1443.0,0.0,0.0,0.10981297492980957
2167.0,1443.0,2167.0,1443.0,0.0,0.0,0.16412711143493652
2167.0,1443.0,2167.0,1443.0,0.0,0.0,0.22530198097229004
2167.0,1443.0,2167.0,1443.0,0.0,0.0,0.2837808132171631
2167.0,1443.0,2167.0,1443.0,0.0,0.0,0.3435661792755127
2167.0,1443.0,2167.0,1443.0,0.0,0.0,0.4143681526184082
2167.0,1443.0,2167.0,1443.0,0.0,0.0,0.46866798400878906
2167.0,1443.0,2167.0,1443.0,0.0,0.0,0.5127758979797363
2167.0,1443.0,2167.0,1443.0,0.0,0.0,0.5608870983123779
2167.0,1443.0,2167.0,1443.0,0.0,0.0,0.6281290054321289
2167.0,1443.0,2167.0,1443.0,0.0,0.0,0.7172119617462158
2168.0,1443.0,2167.0142,1443.0,-1.0,0.0,0.7764480113983154
2168.0,1442.0,2167.0295,1442.985,-1.0,1.0,0.8579950332641602
2168.0,1442.0,2167.0469,1442.9681,-1.0,1.0,0.9149010181427002
2168.0,1442.0,2167.065,1442.9503,-1.0,1.0,0.9616541862487793
2168.0,1442.0,2167.084,1442.9314,-1.0,1.0,1.0163137912750244
2168.0,1442.0,2167.1045,1442.911,-1.0,1.0,1.0928971767425537
2168.0,1442.0,2167.1284,1442.8875,-1.0,1.0,1.1440091133117676
2168.0,1442.0,2167.1519,1442.8643,-1.0,1.0,1.1954009532928467
2168.0,1442.0,2167.1763,1442.8397,-1.0,1.0,1.2467148303985596
2168.0,1442.0,2167.2021,1442.8137,-1.0,1.0,1.3479430675506592
2169.0,1442.0,2167.2651,1442.7789,-2.0,1.0,1.398087978363037
2169.0,1442.0,2167.3237,1442.7494,-2.0,1.0,1.4460759162902832
2169.0,1442.0,2167.3845,1442.7191,-2.0,1.0,1.5063669681549072
2169.0,1442.0,2167.4524,1442.6846,-2.0,1.0,1.5851550102233887
2169.0,1442.0,2167.5286,1442.6456,-2.0,1.0,1.637634038925171
2169.0,1442.0,2167.5996,1442.6107,-2.0,1.0,1.684061050415039
2169.0,1442.0,2167.6702,1442.5765,-2.0,1.0,1.7402760982513428
2169.0,1442.0,2167.7456,1442.5396,-2.0,1.0,1.8190841674804688
2169.0,1442.0,2167.8367,1442.4941,-2.0,1.0,1.8738529682159424
2169.0,1442.0,2167.9153,1442.4563,-2.0,1.0,1.9225211143493652
2169.0,1441.0,2167.9907,1442.3755,-2.0,2.0,1.9772529602050781
2170.0,1441.0,2168.1172,1442.2911,-3.0,2.0,2.051548957824707
2170.0,1441.0,2168.263,1442.1945,-3.0,2.0,2.107875108718872
2170.0,1441.0,2168.3887,1442.1102,-3.0,2.0,2.1573190689086914
2170.0,1441.0,2168.5134,1442.0265,-3.0,2.0,2.2117929458618164
2170.0,1441.0,2168.6416,1441.9407,-3.0,2.0,2.2955360412597656
2170.0,1441.0,2168.7954,1441.8383,-3.0,2.0,2.351384162902832
2170.0,1441.0,2168.9211,1441.754,-3.0,2.0,2.407197952270508
2170.0,1441.0,2169.043,1441.6721,-3.0,2.0,2.478978157043457
2170.0,1441.0,2169.1948,1441.5707,-3.0,2.0,2.5588810443878174
2170.0,1441.0,2169.3293,1441.4803,-3.0,2.0,2.6034791469573975
2170.0,1440.0,2169.4258,1441.3524,-3.0,3.0,2.653677225112915
2171.0,1440.0,2169.5908,1441.2224,-4.0,3.0,2.712460994720459
2171.0,1440.0,2169.769,1441.0835,-4.0,3.0,2.803709030151367
2171.0,1440.0,2169.9812,1440.9204,-4.0,3.0,2.8562021255493164
2171.0,1440.0,2170.121,1440.8082,-4.0,3.0,2.903087854385376
2171.0,1440.0,2170.2488,1440.7056,-4.0,3.0,2.9707860946655273
2171.0,1440.0,2170.4211,1440.571,-4.0,3.0,3.053061008453369
2171.0,1440.0,2170.5981,1440.4333,-4.0,3.0,3.106400966644287
2171.0,1440.0,2170.7092,1440.3431,-4.0,3.0,3.151905059814453
2171.0,1440.0,2170.8054,1440.2644,-4.0,3.0,3.206758975982666
2172.0,1439.0,2170.987,1440.1055,-5.0,4.0,3.2732439041137695
2172.0,1439.0,2171.1804,1439.9385,-5.0,4.0,3.3373420238494873
2172.0,1439.0,2171.356,1439.7853,-5.0,4.0,3.3878300189971924
2172.0,1439.0,2171.5015,1439.6556,-5.0,4.0,3.440614938735962
2172.0,1439.0,2171.644,1439.5289,-5.0,4.0,3.5099799633026123
2172.0,1439.0,2171.8127,1439.3828,-5.0,4.0,3.562883138656616
2173.0,1439.0,2171.9985,1439.2762,-6.0,4.0,3.6096949577331543
2173.0,1439.0,2172.1663,1439.1816,-6.0,4.0,3.6565310955047607
2173.0,1439.0,2172.3357,1439.084,-6.0,4.0,3.73512601852417
2173.0,1439.0,2172.572,1438.9364,-6.0,4.0,3.8000099658966064
2173.0,1439.0,2172.7322,1438.8442,-6.0,4.0,3.8471460342407227
2173.0,1439.0,2172.8667,1438.7693,-6.0,4.0,3.899733066558838
2173.0,1439.0,2173.0154,1438.6833,-6.0,4.0,4.378602027893066
2174.0,1438.0,2174.2688,1437.7823,-7.0,5.0,4.43092679977417
2174.0,1438.0,2174.3767,1437.7069,-7.0,5.0,4.48039984703064
2173.0,1438.0,2174.379,1437.6414,-6.0,5.0,4.528899192810059
2174.0,1438.0,2174.4768,1437.5768,-7.0,5.0,4.574265956878662
2174.0,1438.0,2174.562,1437.5209,-7.0,5.0,4.727129220962524
2174.0,1438.0,2174.8936,1437.2849,-7.0,5.0,4.779179096221924
2174.0,1438.0,2174.952,1437.2478,-7.0,5.0,4.832680940628052
2174.0,1438.0,2175.0168,1437.2054,-7.0,5.0,4.8822548389434814
2174.0,1438.0,2175.0635,1437.176,-7.0,5.0,4.9265968799591064
2174.0,1438.0,2175.09,1437.1608,-7.0,5.0,4.989274024963379
2174.0,1438.0,2175.1753,1437.1025,-7.0,5.0,5.065018892288208
2175.0,1437.0,2175.365,1436.9474,-8.0,6.0,5.116606950759888
2175.0,1437.0,2175.455,1436.8662,-8.0,6.0,5.1616621017456055
2175.0,1437.0,2175.5356,1436.7932,-8.0,6.0,5.2068030834198
2175.0,1437.0,2175.626,1436.7141,-8.0,6.0,5.2762792110443115
2175.0,1437.0,2175.768,1436.5974,-8.0,6.0,5.337728023529053
2175.0,1437.0,2175.8606,1436.5178,-8.0,6.0,5.3819520473480225
2175.0,1437.0,2175.9172,1436.4656,-8.0,6.0,5.425297021865845
2175.0,1437.0,2175.976,1436.4125,-8.0,6.0,5.492836236953735
2176.0,1437.0,2176.1519,1436.3206,-9.0,6.0,5.553733825683594
2176.0,1436.0,2176.2954,1436.1873,-9.0,7.0,5.602195978164673
2176.0,1436.0,2176.4028,1436.082,-9.0,7.0,5.65753698348999
2176.0,1436.0,2176.5298,1435.9636,-9.0,7.0,5.726361989974976
2176.0,1436.0,2176.678,1435.8303,-9.0,7.0,5.777176141738892
2176.0,1436.0,2176.7659,1435.7434,-9.0,7.0,5.822236061096191
2176.0,1436.0,2176.8398,1435.6682,-9.0,7.0,5.862488031387329
2176.0,1436.0,2176.8962,1435.6075,-9.0,7.0,5.927531003952026
2177.0,1436.0,2177.1018,1435.478,-10.0,7.0,6.010958194732666
2177.0,1435.0,2177.2903,1435.3024,-10.0,8.0,6.051275968551636
2177.0,1435.0,2177.3835,1435.2008,-10.0,8.0,6.093995094299316
2178.0,1435.0,2177.5295,1435.104,-11.0,8.0,6.136164903640747
2178.0,1435.0,2177.674,1435.0073,-11.0,8.0,6.195677042007446
2178.0,1435.0,2177.8599,1434.8784,-11.0,8.0,6.263075113296509
2178.0,1435.0,2178.0466,1434.7485,-11.0,8.0,6.309919118881226
2178.0,1435.0,2178.1843,1434.6554,-11.0,8.0,6.358439922332764
2178.0,1435.0,2178.31,1434.5708,-11.0,8.0,6.422990083694458
2178.0,1435.0,2178.476,1434.4553,-11.0,8.0,6.483449220657349
2178.0,1434.0,2178.6165,1434.3052,-11.0,9.0,6.530205011367798
2178.0,1434.0,2178.7122,1434.1912,-11.0,9.0,6.579620838165283
2179.0,1434.0,2178.8738,1434.0682,-12.0,9.0,6.645874977111816
2179.0,1434.0,2179.073,1433.9166,-12.0,9.0,6.700888156890869
2179.0,1434.0,2179.22,1433.8049,-12.0,9.0,6.746599912643433
2180.0,1434.0,2179.39,1433.715,-13.0,9.0,6.790899991989136
2180.0,1434.0,2179.5632,1433.6207,-13.0,9.0,6.868197917938232
2180.0,1434.0,2179.8416,1433.4464,-13.0,9.0,6.934361219406128
2180.0,1434.0,2180.011,1433.3534,-13.0,9.0,6.978888988494873
2180.0,1434.0,2180.1423,1433.2874,-13.0,9.0,7.026449918746948
2180.0,1434.0,2180.285,1433.2115,-13.0,9.0,7.092849016189575
2180.0,1433.0,2180.472,1433.0516,-13.0,10.0,7.145388126373291
2180.0,1433.0,2180.605,1432.9325,-13.0,10.0,7.189681053161621
2181.0,1433.0,2180.7593,1432.8351,-14.0,10.0,7.234337091445923
2181.0,1432.0,2180.9285,1432.6772,-14.0,11.0,7.3106749057769775
2181.0,1433.0,2181.1655,1432.5184,-14.0,10.0,7.379009008407593
2181.0,1433.0,2181.3604,1432.3909,-14.0,10.0,7.429527044296265
2181.0,1433.0,2181.4958,1432.3068,-14.0,10.0,7.483492136001587
2181.0,1432.0,2181.6665,1432.147,-14.0,11.0,7.55305290222168
2182.0,1432.0,2181.8816,1431.9916,-15.0,11.0,7.598243236541748
2182.0,1432.0,2182.0403,1431.8779,-15.0,11.0,7.643034934997559
2182.0,1432.0,2182.169,1431.7865,-15.0,11.0,7.686794996261597
2182.0,1432.0,2182.302,1431.6915,-15.0,11.0,7.744209051132202
2182.0,1432.0,2182.478,1431.5645,-15.0,11.0,7.809223890304565
2182.0,1432.0,2182.6633,1431.4303,-15.0,11.0,7.853668212890625
2183.0,1431.0,2182.8276,1431.2996,-16.0,12.0,7.901369094848633
2183.0,1431.0,2182.9846,1431.1748,-16.0,12.0,7.94179105758667
2183.0,1432.0,2183.1182,1431.1134,-16.0,11.0,7.995344877243042
2183.0,1432.0,2183.2954,1431.0183,-16.0,11.0,8.061198949813843
2183.0,1431.0,2183.4976,1430.8585,-16.0,12.0,8.108575105667114
2183.0,1431.0,2183.6309,1430.7499,-16.0,12.0,8.152238130569458
2183.0,1431.0,2183.7627,1430.6426,-16.0,12.0,8.197309017181396
2183.0,1431.0,2183.8645,1430.5579,-16.0,12.0,8.260377168655396
2184.0,1431.0,2184.0916,1430.4137,-17.0,12.0,8.328366041183472
2184.0,1431.0,2184.3076,1430.2772,-17.0,12.0,8.374308824539185
2184.0,1431.0,2184.4495,1430.1948,-17.0,12.0,8.416291236877441
2184.0,1431.0,2184.5703,1430.127,-17.0,12.0,8.45935606956482
2185.0,1430.0,2184.7485,1430.0049,-18.0,13.0,8.521016120910645
2185.0,1430.0,2184.9734,1429.8484,-18.0,13.0,8.5919349193573
2185.0,1430.0,2185.203,1429.6885,-18.0,13.0,8.636862993240356
2185.0,1430.0,2185.3508,1429.5878,-18.0,13.0,8.68175482749939
2185.0,1430.0,2185.4917,1429.492,-18.0,13.0,8.732023000717163
2185.0,1430.0,2185.6594,1429.3762,-18.0,13.0,8.805791139602661
2185.0,1430.0,2185.8823,1429.2202,-18.0,13.0,8.872241973876953
2186.0,1429.0,2186.1099,1429.0493,-19.0,14.0,8.920874118804932
2186.0,1429.0,2186.277,1428.9221,-19.0,14.0,8.975327968597412
2186.0,1429.0,2186.4663,1428.7792,-19.0,14.0,9.044327020645142
2186.0,1429.0,2186.687,1428.6133,-19.0,14.0,9.098773956298828
2186.0,1429.0,2186.8435,1428.4943,-19.0,14.0,9.141050815582275
2187.0,1429.0,2186.9995,1428.4067,-20.0,14.0,9.179745197296143
2187.0,1429.0,2187.1416,1428.3285,-20.0,14.0,9.243196964263916
2187.0,1429.0,2187.3694,1428.1875,-20.0,14.0,9.302202939987183
2187.0,1428.0,2187.5608,1428.0303,-20.0,15.0,9.34815001487732
2187.0,1428.0,2187.6995,1427.9116,-20.0,15.0,9.389013051986694
2187.0,1428.0,2187.8196,1427.807,-20.0,15.0,9.45039701461792
2187.0,1428.0,2188.029,1427.638,-20.0,15.0,9.515676021575928
2188.0,1428.0,2188.242,1427.4968,-21.0,15.0,9.5592200756073
2188.0,1428.0,2188.3943,1427.3993,-21.0,15.0,9.601823091506958
2188.0,1428.0,2188.5317,1427.3123,-21.0,15.0,9.663635969161987
2188.0,1427.0,2188.7395,1427.133,-21.0,16.0,9.726814985275269
2189.0,1427.0,2188.9766,1426.963,-22.0,16.0,9.768067121505737
2189.0,1427.0,2189.1292,1426.8541,-22.0,16.0,9.813467025756836
2189.0,1427.0,2189.3115,1426.7236,-22.0,16.0,9.881479978561401
2189.0,1427.0,2189.5518,1426.551,-22.0,16.0,9.942840099334717
2190.0,1426.0,2189.7764,1426.3788,-23.0,17.0,9.981048107147217
2190.0,1426.0,2189.9277,1426.2603,-23.0,17.0,10.023821115493774
2190.0,1426.0,2190.0977,1426.1284,-23.0,17.0,10.087225914001465
2190.0,1426.0,2190.339,1425.9443,-23.0,17.0,10.148192167282104
2190.0,1426.0,2190.544,1425.7872,-23.0,17.0,10.190244197845459
2190.0,1426.0,2190.6829,1425.6785,-23.0,17.0,10.22859501838684
2190.0,1426.0,2190.8057,1425.5817,-23.0,17.0,10.287227869033813
2191.0,1426.0,2191.0466,1425.4272,-24.0,17.0,10.349269151687622
2191.0,1425.0,2191.2676,1425.2482,-24.0,18.0,10.396091938018799
2191.0,1425.0,2191.4385,1425.1062,-24.0,18.0,10.436548233032227
2192.0,1425.0,2191.6143,1424.9893,-25.0,18.0,10.474354028701782
2192.0,1425.0,2191.7808,1424.8784,-25.0,18.0,10.526789903640747
2192.0,1425.0,2191.9944,1424.7328,-25.0,18.0,10.60263705253601
2192.0,1425.0,2192.2976,1424.5219,-25.0,18.0,10.648821115493774
2192.0,1425.0,2192.4543,1424.4174,-25.0,18.0,10.691004037857056
2193.0,1425.0,2192.639,1424.3195,-26.0,18.0,10.733015060424805
2193.0,1424.0,2192.824,1424.1832,-26.0,19.0,10.792787075042725
2193.0,1424.0,2193.0715,1424.0017,-26.0,19.0,10.857344150543213
2193.0,1423.0,2193.3203,1423.782,-26.0,20.0,10.902072191238403
2193.0,1423.0,2193.4827,1423.6259,-26.0,20.0,10.947345972061157
2194.0,1423.0,2193.684,1423.4694,-27.0,20.0,11.008644104003906
2194.0,1423.0,2193.9453,1423.2693,-27.0,20.0,11.06503701210022
2194.0,1423.0,2194.17,1423.0963,-27.0,20.0,11.108802080154419
2195.0,1423.0,2194.376,1422.964,-28.0,20.0,11.14665699005127
2195.0,1423.0,2194.5518,1422.8531,-28.0,20.0,11.233413934707642
2195.0,1423.0,2194.9736,1422.5624,-28.0,20.0,11.298829078674316
2195.0,1423.0,2195.196,1422.4171,-28.0,20.0,11.338245868682861
2195.0,1423.0,2195.3572,1422.3158,-28.0,20.0,11.38283920288086
2195.0,1422.0,2195.5244,1422.1732,-28.0,21.0,11.423929214477539
2196.0,1422.0,2195.7126,1422.0424,-29.0,21.0,11.481621980667114
2196.0,1422.0,2195.9907,1421.8458,-29.0,21.0,11.551043033599854
2196.0,1421.0,2196.258,1421.621,-29.0,22.0,11.600831985473633
2197.0,1421.0,2196.4902,1421.449,-30.0,22.0,11.640201091766357
2197.0,1421.0,2196.6729,1421.3132,-30.0,22.0,11.683586120605469
2197.0,1421.0,2196.874,1421.1638,-30.0,22.0,11.74534821510315
2197.0,1421.0,2197.1448,1420.9635,-30.0,22.0,11.805574893951416
2197.0,1421.0,2197.3984,1420.7756,-30.0,22.0,11.849668979644775
2198.0,1420.0,2197.5996,1420.6168,-31.0,23.0,11.888931035995483
2198.0,1420.0,2197.792,1420.4648,-31.0,23.0,11.94717001914978
2198.0,1420.0,2198.0547,1420.2615,-31.0,23.0,12.011628150939941
2199.0,1420.0,2198.3643,1420.0499,-32.0,23.0,12.057857036590576
2199.0,1420.0,2198.5781,1419.9081,-32.0,23.0,12.09763503074646
2199.0,1420.0,2198.7676,1419.7836,-32.0,23.0,12.137392044067383
2199.0,1420.0,2198.9556,1419.6597,-32.0,23.0,12.185283184051514
2199.0,1420.0,2199.1865,1419.5039,-32.0,23.0,12.257406949996948
2200.0,1419.0,2199.521,1419.2635,-33.0,24.0,12.304302215576172
2200.0,1419.0,2199.7397,1419.1073,-33.0,24.0,12.344761848449707
2201.0,1418.0,2199.961,1418.9404,-34.0,25.0,12.38435697555542
2201.0,1418.0,2200.1758,1418.7783,-34.0,25.0,12.440818071365356
2201.0,1418.0,2200.4695,1418.5585,-34.0,25.0,12.504369974136353
2201.0,1418.0,2200.7766,1418.329,-34.0,25.0,12.55102014541626
2202.0,1417.0,2201.0115,1418.1434,-35.0,26.0,12.591933965682983
2202.0,1417.0,2201.229,1417.9712,-35.0,26.0,12.63271188735962
2202.0,1417.0,2201.443,1417.8015,-35.0,26.0,12.680059909820557
2202.0,1417.0,2201.6875,1417.61,-35.0,26.0,12.747241020202637
2203.0,1417.0,2202.0496,1417.3569,-36.0,26.0,12.796604871749878
2203.0,1417.0,2202.2954,1417.1886,-36.0,26.0,12.837303161621094
2203.0,1417.0,2202.5098,1417.0428,-36.0,26.0,12.877619981765747
2203.0,1417.0,2202.7205,1416.8995,-36.0,26.0,12.942548036575317
2204.0,1416.0,2203.0825,1416.6371,-37.0,27.0,13.025281190872192
2204.0,1416.0,2203.4893,1416.3418,-37.0,27.0,13.068228244781494
2204.0,1416.0,2203.7258,1416.1705,-37.0,27.0,13.110689163208008
2204.0,1416.0,2203.9211,1416.0289,-37.0,27.0,13.15054702758789
2205.0,1415.0,2204.1458,1415.8578,-38.0,28.0,13.20845103263855
2205.0,1415.0,2204.4617,1415.6201,-38.0,28.0,13.268362045288086
2205.0,1415.0,2204.7695,1415.3883,-38.0,28.0,13.313156843185425
2206.0,1415.0,2205.0332,1415.2129,-39.0,28.0,13.35423994064331
2206.0,1415.0,2205.2534,1415.0686,-39.0,28.0,13.394783020019531
2206.0,1415.0,2205.4766,1414.9216,-39.0,28.0,13.443079948425293
2206.0,1415.0,2205.7595,1414.7307,-39.0,28.0,13.51532506942749
2207.0,1414.0,2206.14,1414.4607,-40.0,29.0,13.562379121780396
2207.0,1414.0,2206.4082,1414.2716,-40.0,29.0,13.60393500328064
2207.0,1414.0,2206.6196,1414.1238,-40.0,29.0,13.645700216293335
2208.0,1413.0,2206.872,1413.9376,-41.0,30.0,13.704040050506592
2208.0,1413.0,2207.221,1413.6814,-41.0,30.0,13.76481580734253
2208.0,1413.0,2207.5325,1413.4523,-41.0,30.0,13.807605028152466
2208.0,1413.0,2207.7827,1413.2673,-41.0,30.0,13.851881980895996
2208.0,1413.0,2208.0027,1413.1042,-41.0,30.0,13.914443016052246
2209.0,1412.0,2208.3723,1412.8245,-42.0,31.0,13.978496074676514
2210.0,1412.0,2208.7368,1412.5721,-43.0,31.0,14.024893999099731
2210.0,1412.0,2209.0127,1412.3835,-43.0,31.0,14.06809401512146
2210.0,1411.0,2209.2695,1412.177,-43.0,32.0,14.125770092010498
2210.0,1411.0,2209.6118,1411.9086,-43.0,32.0,14.193428993225098
2211.0,1411.0,2209.986,1411.6406,-44.0,32.0,14.24010705947876
2211.0,1411.0,2210.2734,1411.4354,-44.0,32.0,14.283268928527832
2211.0,1411.0,2210.5176,1411.2615,-44.0,32.0,14.355567216873169
2212.0,1411.0,2210.9773,1410.9545,-45.0,32.0,14.418038129806519
2212.0,1410.0,2211.3193,1410.7004,-45.0,33.0,14.460561037063599
2212.0,1410.0,2211.5583,1410.5211,-45.0,33.0,14.507856845855713
2213.0,1410.0,2211.8667,1410.3151,-46.0,33.0,14.570863246917725
2213.0,1410.0,2212.2563,1410.0497,-46.0,33.0,14.625025033950806
2213.0,1409.0,2212.5525,1409.8197,-46.0,34.0,14.668423891067505
2214.0,1409.0,2212.8547,1409.6091,-47.0,34.0,14.712640047073364
2214.0,1409.0,2213.1133,1409.4298,-47.0,34.0,14.77015995979309
2214.0,1409.0,2213.474,1409.1763,-47.0,34.0,14.83233904838562
2214.0,1409.0,2213.8179,1408.9348,-47.0,34.0,14.881545066833496
2215.0,1409.0,2214.13,1408.7393,-48.0,34.0,14.934574127197266
2215.0,1408.0,2214.4592,1408.4991,-48.0,35.0,14.990894079208374
2216.0,1407.0,2214.8574,1408.2013,-49.0,36.0,15.075140237808228
2216.0,1407.0,2215.3323,1407.8478,-49.0,36.0,15.138175010681152
2216.0,1407.0,2215.6985,1407.5724,-49.0,36.0,15.18085503578186
2217.0,1407.0,2215.9797,1407.3822,-50.0,36.0,15.227618217468262
2217.0,1407.0,2216.298,1407.1647,-50.0,36.0,15.292482137680054
2217.0,1406.0,2216.6992,1406.8553,-50.0,37.0,15.350385904312134
2218.0,1406.0,2217.0435,1406.611,-51.0,37.0,15.389260053634644
2218.0,1406.0,2217.2952,1406.4329,-51.0,37.0,15.431085109710693
2219.0,1406.0,2217.5889,1406.2478,-52.0,37.0,15.488911867141724
2219.0,1405.0,2217.9824,1405.9586,-52.0,38.0,15.550631999969482
2219.0,1405.0,2218.3606,1405.6803,-52.0,38.0,15.595721006393433
2220.0,1405.0,2218.6733,1405.4725,-53.0,38.0,15.63439393043518
2220.0,1405.0,2218.9407,1405.2966,-53.0,38.0,15.676151037216187
2220.0,1404.0,2219.216,1405.0835,-53.0,39.0,15.72523283958435
2220.0,1404.0,2219.5452,1404.8318,-53.0,39.0,15.790104150772095
2221.0,1404.0,2219.9731,1404.5321,-54.0,39.0,15.841556072235107
2221.0,1404.0,2220.301,1404.3038,-54.0,39.0,15.880164861679077
2221.0,1404.0,2220.5522,1404.13,-54.0,39.0,15.921787977218628
2222.0,1403.0,2220.8428,1403.9202,-55.0,40.0,15.97524094581604
2222.0,1403.0,2221.2112,1403.6542,-55.0,40.0,16.040674209594727
2222.0,1403.0,2221.6233,1403.3564,-55.0,40.0,16.085785150527954
2223.0,1403.0,2221.9421,1403.1484,-56.0,40.0,16.12596893310547
2223.0,1403.0,2222.2158,1402.9719,-56.0,40.0,16.166253089904785
2224.0,1402.0,2222.5125,1402.7708,-57.0,41.0,16.21690797805786
2225.0,1401.0,2222.9143,1402.4866,-58.0,42.0,16.283082962036133
2225.0,1401.0,2223.3865,1402.1519,-58.0,42.0,16.33372712135315
2225.0,1401.0,2223.7224,1401.914,-58.0,42.0,16.372150182724
2225.0,1401.0,2223.998,1401.7185,-58.0,42.0,16.41532015800476
2226.0,1401.0,2224.3276,1401.5068,-59.0,42.0,16.46915316581726
2226.0,1400.0,2224.738,1401.2069,-59.0,43.0,16.53293490409851
2227.0,1400.0,2225.1792,1400.9075,-60.0,43.0,16.57987403869629
2227.0,1400.0,2225.528,1400.673,-60.0,43.0,16.618407011032104
2227.0,1400.0,2225.8157,1400.4814,-60.0,43.0,16.659573078155518
2228.0,1399.0,2226.1372,1400.258,-61.0,44.0,16.713149070739746
2228.0,1399.0,2226.5432,1399.974,-61.0,44.0,16.78126287460327
2229.0,1399.0,2227.0435,1399.645,-62.0,44.0,16.827854871749878
2229.0,1398.0,2227.3984,1399.3887,-62.0,45.0,16.866459846496582
2229.0,1398.0,2227.6958,1399.1727,-62.0,45.0,16.90915608406067
2230.0,1398.0,2228.034,1398.9498,-63.0,45.0,16.99882197380066
2230.0,1397.0,2228.7358,1398.4391,-63.0,46.0,17.063830137252808
2231.0,1397.0,2229.203,1398.1168,-64.0,46.0,17.107336044311523
2231.0,1397.0,2229.5105,1397.9066,-64.0,46.0,17.148908138275146
2231.0,1397.0,2229.8289,1397.6881,-64.0,46.0,17.192873001098633
2232.0,1396.0,2230.1807,1397.4382,-65.0,47.0,17.247792959213257
2232.0,1396.0,2230.6162,1397.1287,-65.0,47.0,17.323395013809204
2233.0,1396.0,2231.1877,1396.7455,-66.0,47.0,17.36682915687561
2233.0,1396.0,2231.5266,1396.5254,-66.0,47.0,17.407206058502197
2233.0,1395.0,2231.836,1396.2954,-66.0,48.0,17.44836401939392
2234.0,1395.0,2232.174,1396.0674,-67.0,48.0,17.50967311859131
2234.0,1394.0,2232.6543,1395.7091,-67.0,49.0,17.569825172424316
2234.0,1394.0,2233.1018,1395.3733,-67.0,49.0,17.613238096237183
2234.0,1394.0,2233.4177,1395.1301,-67.0,49.0,17.653932094573975
2235.0,1394.0,2233.7402,1394.9047,-68.0,49.0,17.695208072662354
2236.0,1394.0,2234.0913,1394.681,-69.0,49.0,17.752204179763794
2237.0,1393.0,2234.6208,1394.324,-70.0,50.0,17.826926231384277
2237.0,1393.0,2235.1555,1393.9623,-70.0,50.0,17.8727970123291
2237.0,1393.0,2235.5276,1393.714,-70.0,50.0,17.912089824676514
2237.0,1393.0,2235.9119,1393.4563,-70.0,50.0,17.971333980560303
2238.0,1392.0,2236.3372,1393.1621,-71.0,51.0,18.04770588874817
2238.0,1392.0,2236.9353,1392.7458,-71.0,51.0,18.099802017211914
2239.0,1391.0,2237.351,1392.4493,-72.0,52.0,18.14255690574646
2240.0,1391.0,2237.7222,1392.2064,-73.0,52.0,18.184895992279053
2240.0,1391.0,2238.104,1391.9552,-73.0,52.0,18.248656034469604
2241.0,1390.0,2238.6465,1391.5839,-74.0,53.0,18.303235054016113
2241.0,1390.0,2239.0974,1391.2753,-74.0,53.0,18.343059062957764
2241.0,1390.0,2239.448,1391.036,-74.0,53.0,18.385881185531616
2242.0,1389.0,2239.8188,1390.775,-75.0,54.0,18.44808602333069
2242.0,1389.0,2240.3367,1390.4108,-75.0,54.0,18.508324146270752
2243.0,1388.0,2240.8398,1390.049,-76.0,55.0,18.548726081848145
2243.0,1388.0,2241.1929,1389.7911,-76.0,55.0,18.58710503578186
2243.0,1388.0,2241.5232,1389.5488,-76.0,55.0,18.642060041427612
2244.0,1388.0,2242.0234,1389.2101,-77.0,55.0,18.705116033554077
2245.0,1387.0,2242.5664,1388.8337,-78.0,56.0,18.752888202667236
2245.0,1387.0,2242.976,1388.5494,-78.0,56.0,18.79379105567932
2246.0,1386.0,2243.3594,1388.276,-79.0,57.0,18.831861972808838
2246.0,1386.0,2243.711,1388.0242,-79.0,57.0,18.88078808784485
2246.0,1386.0,2244.159,1387.7046,-79.0,57.0,18.947991132736206
2247.0,1385.0,2244.7356,1387.288,-80.0,58.0,19.002062797546387
2248.0,1385.0,2245.2305,1386.95,-81.0,58.0,19.042346000671387
2248.0,1385.0,2245.6072,1386.6931,-81.0,58.0,19.080976009368896
2248.0,1385.0,2245.9805,1386.4379,-81.0,58.0,19.141319036483765
2249.0,1384.0,2246.5308,1386.0521,-82.0,59.0,19.20118999481201
2249.0,1383.0,2247.0413,1385.6641,-82.0,60.0,19.24910283088684
2250.0,1383.0,2247.4863,1385.3434,-83.0,60.0,19.289830923080444
2251.0,1383.0,2247.909,1385.06,-84.0,60.0,19.353806972503662
2251.0,1383.0,2248.5137,1384.6493,-84.0,60.0,19.41420006752014
2252.0,1382.0,2249.0427,1384.2833,-85.0,61.0,19.456692934036255
2252.0,1382.0,2249.4583,1383.995,-85.0,61.0,19.49786400794983
2252.0,1382.0,2249.8594,1383.7158,-85.0,61.0,19.557635068893433
2253.0,1381.0,2250.4167,1383.3208,-86.0,62.0,19.617913246154785
2254.0,1381.0,2250.985,1382.94,-87.0,62.0,19.660398244857788
2254.0,1381.0,2251.4,1382.6641,-87.0,62.0,19.70111393928528
2254.0,1381.0,2251.8037,1382.3947,-87.0,62.0,19.756920099258423
2255.0,1380.0,2252.3875,1381.9934,-88.0,63.0,19.833519220352173
2255.0,1380.0,2253.0383,1381.5446,-88.0,63.0,19.87569308280945
2256.0,1379.0,2253.4507,1381.2524,-89.0,64.0,19.92158317565918
2257.0,1379.0,2253.9243,1380.9398,-90.0,64.0,19.98561692237854
2257.0,1378.0,2254.5703,1380.478,-90.0,65.0,20.045317888259888
2258.0,1378.0,2255.1077,1380.1128,-91.0,65.0,20.085788011550903
2258.0,1378.0,2255.5168,1379.8345,-91.0,65.0,20.124354124069214
2258.0,1378.0,2255.9067,1379.5686,-91.0,65.0,20.17943501472473
2259.0,1377.0,2256.4595,1379.183,-92.0,66.0,20.244947910308838
2260.0,1376.0,2257.0835,1378.7407,-93.0,67.0,20.29212188720703
2260.0,1376.0,2257.5522,1378.4042,-93.0,67.0,20.331986904144287
2261.0,1376.0,2257.9731,1378.1224,-94.0,67.0,20.370445013046265
2261.0,1376.0,2258.3784,1377.8502,-94.0,67.0,20.4186692237854
2262.0,1375.0,2258.9087,1377.4846,-95.0,68.0,20.487426042556763
2262.0,1375.0,2259.5847,1377.0177,-95.0,68.0,20.538499116897583
2263.0,1374.0,2260.0706,1376.6736,-96.0,69.0,20.5795259475708
2264.0,1374.0,2260.5164,1376.3785,-97.0,69.0,20.617637872695923
2264.0,1374.0,2260.9526,1376.0887,-97.0,69.0,20.67112398147583
2265.0,1373.0,2261.529,1375.6952,-98.0,70.0,20.735716104507446
2265.0,1373.0,2262.163,1375.261,-98.0,70.0,20.78267812728882
2266.0,1372.0,2262.6514,1374.9188,-99.0,71.0,20.824632167816162
2267.0,1372.0,2263.128,1374.606,-100.0,71.0,20.863672018051147
2267.0,1372.0,2263.5876,1374.3033,-100.0,71.0,20.923874139785767
2267.0,1371.0,2264.2263,1373.8485,-100.0,72.0,20.99757695198059
2268.0,1371.0,2264.944,1373.361,-101.0,72.0,21.041998863220215
2269.0,1370.0,2265.4285,1373.0247,-102.0,73.0,21.084656953811646
2270.0,1369.0,2265.9126,1372.681,-103.0,74.0,21.127142906188965
2270.0,1369.0,2266.3936,1372.3387,-103.0,74.0,21.182799816131592
2270.0,1369.0,2267.0112,1371.9022,-103.0,74.0,21.248769998550415
2272.0,1368.0,2267.7375,1371.4064,-105.0,75.0,21.292190074920654
2272.0,1368.0,2268.2014,1371.0879,-105.0,75.0,21.334832906723022
2272.0,1367.0,2268.678,1370.7312,-105.0,76.0,21.392239809036255
2273.0,1367.0,2269.3247,1370.28,-106.0,76.0,21.4512939453125
2274.0,1367.0,2269.9617,1369.8566,-107.0,76.0,21.49687099456787
2275.0,1366.0,2270.4976,1369.494,-108.0,77.0,21.53558897972107
2275.0,1366.0,2270.9614,1369.179,-108.0,77.0,21.595099925994873
2275.0,1365.0,2271.6272,1368.6969,-108.0,78.0,21.659323930740356
2276.0,1364.0,2272.3098,1368.1957,-109.0,79.0,21.703843116760254
2277.0,1364.0,2272.8374,1367.8215,-110.0,79.0,21.744449138641357
2277.0,1364.0,2273.311,1367.483,-110.0,79.0,21.782113075256348
2277.0,1364.0,2273.751,1367.1666,-110.0,79.0,21.832815170288086
2279.0,1363.0,2274.3684,1366.7445,-112.0,80.0,21.89836287498474
2279.0,1362.0,2275.103,1366.2126,-112.0,81.0,21.950103044509888
2280.0,1362.0,2275.6929,1365.8004,-113.0,81.0,21.990972995758057
2281.0,1361.0,2276.2012,1365.4363,-114.0,82.0,22.029798984527588
2281.0,1361.0,2276.678,1365.0929,-114.0,82.0,22.08417797088623
2282.0,1361.0,2277.3887,1364.6113,-115.0,82.0,22.15221095085144
2283.0,1360.0,2278.166,1364.0765,-116.0,83.0,22.200313806533813
2283.0,1360.0,2278.702,1363.7041,-116.0,83.0,22.239832162857056
2284.0,1359.0,2279.2024,1363.3488,-117.0,84.0,22.278499126434326
2284.0,1359.0,2279.6973,1362.996,-117.0,84.0,22.331308126449585
2285.0,1358.0,2280.3408,1362.5352,-118.0,85.0,22.397130012512207
2286.0,1358.0,2281.1113,1362.0089,-119.0,85.0,22.44302225112915
2287.0,1357.0,2281.696,1361.6011,-120.0,86.0,22.483804941177368
2287.0,1357.0,2282.2175,1361.235,-120.0,86.0,22.522233963012695
2287.0,1357.0,2282.712,1360.8861,-120.0,86.0,22.572468042373657
2288.0,1356.0,2283.3606,1360.4253,-121.0,87.0,22.636553049087524
2289.0,1356.0,2284.1394,1359.897,-122.0,87.0,22.68505597114563
2290.0,1355.0,2284.73,1359.4885,-123.0,88.0,22.72644305229187
2291.0,1354.0,2285.278,1359.1014,-124.0,89.0,22.764197826385498
2291.0,1354.0,2285.783,1358.7429,-124.0,89.0,22.8128399848938
2292.0,1354.0,2286.441,1358.3013,-125.0,89.0,22.87849497795105
2293.0,1353.0,2287.2566,1357.7451,-126.0,90.0,22.924719095230103
2294.0,1352.0,2287.8694,1357.3185,-127.0,91.0,22.96988797187805
2295.0,1352.0,2288.515,1356.8904,-128.0,91.0,23.011534929275513
2295.0,1352.0,2289.0618,1356.5271,-128.0,91.0,23.071917057037354
2296.0,1351.0,2289.915,1355.9496,-129.0,92.0,23.142042875289917
2297.0,1350.0,2290.763,1355.3676,-130.0,93.0,23.187033891677856
2297.0,1350.0,2291.3577,1354.9543,-130.0,93.0,23.228610038757324
2298.0,1349.0,2291.9333,1354.5468,-131.0,94.0,23.26922607421875
2298.0,1349.0,2292.503,1354.1418,-131.0,94.0,23.316567182540894
2299.0,1349.0,2293.1643,1353.6959,-132.0,94.0,23.383678913116455
2300.0,1348.0,2294.0544,1353.0883,-133.0,95.0,23.43167209625244
2301.0,1347.0,2294.6753,1352.6538,-134.0,96.0,23.47281527519226
2302.0,1346.0,2295.2722,1352.2283,-135.0,97.0,23.51366901397705
2302.0,1346.0,2295.8547,1351.8113,-135.0,97.0,23.56550621986389
2303.0,1346.0,2296.613,1351.2966,-136.0,97.0,23.634644031524658
2304.0,1345.0,2297.5159,1350.677,-137.0,98.0,23.68158793449402
2305.0,1344.0,2298.161,1350.2227,-138.0,99.0,23.72508192062378
2305.0,1344.0,2298.7842,1349.7815,-138.0,99.0,23.77193808555603
2307.0,1343.0,2299.4692,1349.3137,-140.0,100.0,23.827843189239502
2307.0,1343.0,2300.2905,1348.7527,-140.0,100.0,23.900546073913574
2308.0,1342.0,2301.2312,1348.1035,-141.0,101.0,23.94594693183899
2308.0,1342.0,2301.8909,1347.6404,-141.0,101.0,23.985498905181885
2309.0,1341.0,2302.4724,1347.2225,-142.0,102.0,24.028913021087646
2310.0,1341.0,2303.1108,1346.7874,-143.0,102.0,24.086140871047974
2311.0,1340.0,2303.9873,1346.1852,-144.0,103.0,24.1512188911438
2312.0,1339.0,2304.8394,1345.5912,-145.0,104.0,24.20045018196106
2313.0,1339.0,2305.5994,1345.0791,-146.0,104.0,24.243595123291016
2313.0,1339.0,2306.2314,1344.6508,-146.0,104.0,24.28568720817566
2314.0,1338.0,2306.876,1344.2065,-147.0,105.0,24.341223001480103
2315.0,1337.0,2307.7007,1343.6343,-148.0,106.0,24.40038514137268
2316.0,1336.0,2308.5403,1343.044,-149.0,107.0,24.44699501991272
2317.0,1335.0,2309.2498,1342.533,-150.0,108.0,24.48502516746521
2317.0,1335.0,2309.847,1342.0958,-150.0,108.0,24.525956869125366
2319.0,1335.0,2310.5134,1341.6554,-152.0,108.0,24.5759859085083
2320.0,1334.0,2311.335,1341.1036,-153.0,109.0,24.64245295524597
2321.0,1333.0,2312.3093,1340.442,-154.0,110.0,24.69379687309265
2322.0,1333.0,2313.103,1339.9205,-155.0,110.0,24.735164880752563
2322.0,1333.0,2313.7852,1339.4708,-155.0,110.0,24.777960062026978
2323.0,1332.0,2314.4756,1339.0078,-156.0,111.0,24.83281898498535
2324.0,1331.0,2315.3508,1338.4142,-157.0,112.0,24.89749503135681
2325.0,1330.0,2316.3213,1337.7493,-158.0,113.0,24.941860914230347
2326.0,1329.0,2317.0461,1337.2391,-159.0,114.0,24.981117010116577
2326.0,1329.0,2317.7134,1336.7656,-159.0,114.0,25.02368688583374
2327.0,1328.0,2318.402,1336.2708,-160.0,115.0,25.07626700401306
2329.0,1328.0,2319.291,1335.6854,-162.0,115.0,25.14916205406189
2329.0,1327.0,2320.3787,1334.9377,-162.0,116.0,25.200266122817993
2330.0,1326.0,2321.195,1334.3613,-163.0,117.0,25.248927116394043
2331.0,1325.0,2321.9893,1333.792,-164.0,118.0,25.309104919433594
2333.0,1324.0,2323.0515,1333.0597,-166.0,119.0,25.39605402946472
2333.0,1324.0,2324.2737,1332.2183,-166.0,119.0,25.44184398651123
2334.0,1324.0,2325.044,1331.6957,-167.0,119.0,25.483342170715332
2334.0,1324.0,2325.7517,1331.2122,-167.0,119.0,25.52383303642273
2335.0,1323.0,2326.4653,1330.717,-168.0,120.0,25.584285020828247
2337.0,1322.0,2327.4736,1330.0417,-170.0,121.0,25.644763946533203
2338.0,1321.0,2328.4324,1329.3906,-171.0,122.0,25.686311960220337
2339.0,1320.0,2329.1711,1328.8766,-172.0,123.0,25.72892713546753
2339.0,1320.0,2329.9136,1328.3579,-172.0,123.0,25.78196096420288
2340.0,1319.0,2330.94,1327.644,-173.0,124.0,25.852883100509644
2343.0,1317.0,2332.0208,1326.9028,-176.0,126.0,25.899245023727417
2343.0,1317.0,2332.7917,1326.363,-176.0,126.0,25.941110134124756
2344.0,1316.0,2333.5525,1325.8223,-177.0,127.0,25.984095096588135
2345.0,1316.0,2334.338,1325.2861,-178.0,127.0,26.03787612915039
2345.0,1316.0,2335.3416,1324.6036,-178.0,127.0,26.101643085479736
2347.0,1314.0,2336.37,1323.8905,-180.0,129.0,26.14753007888794
2348.0,1314.0,2337.1875,1323.3365,-181.0,129.0,26.190124034881592
2349.0,1313.0,2337.9841,1322.788,-182.0,130.0,26.23238706588745
2350.0,1312.0,2338.7825,1322.2306,-183.0,131.0,26.28050684928894
2350.0,1312.0,2339.685,1321.6023,-183.0,131.0,26.34803605079651
2352.0,1311.0,2340.8352,1320.8258,-185.0,132.0,26.39338183403015
2353.0,1310.0,2341.6628,1320.2523,-186.0,133.0,26.437690019607544
2354.0,1309.0,2342.4985,1319.6656,-187.0,134.0,26.47788906097412
2355.0,1309.0,2343.2854,1319.1312,-188.0,134.0,26.529690980911255
2355.0,1309.0,2344.267,1318.4664,-188.0,134.0,26.597844123840332
2358.0,1306.0,2345.4983,1317.6185,-191.0,137.0,26.643563985824585
2358.0,1306.0,2346.3374,1317.0243,-191.0,137.0,26.686140060424805
2359.0,1305.0,2347.1516,1316.439,-192.0,138.0,26.728495836257935
2360.0,1304.0,2347.964,1315.8475,-193.0,139.0,26.778878927230835
2360.0,1304.0,2348.9412,1315.1462,-193.0,139.0,26.84289312362671
2363.0,1302.0,2350.1448,1314.3049,-196.0,141.0,26.88993000984192
2363.0,1302.0,2350.9927,1313.6938,-196.0,141.0,26.931607007980347
2365.0,1301.0,2351.8303,1313.1046,-198.0,142.0,26.972563982009888
2366.0,1300.0,2352.667,1312.5085,-199.0,143.0,27.03195810317993
2368.0,1299.0,2353.8691,1311.6871,-201.0,144.0,27.101688146591187
2368.0,1299.0,2355.1016,1310.8423,-201.0,144.0,27.148648023605347
2369.0,1297.0,2356.052,1310.1456,-202.0,146.0,27.189255952835083
2369.0,1297.0,2356.8457,1309.5499,-202.0,146.0,27.23171901702881
2371.0,1296.0,2357.7102,1308.9235,-204.0,147.0,27.285887002944946
2372.0,1295.0,2358.8418,1308.1139,-205.0,148.0,27.349951028823853
2374.0,1295.0,2359.9988,1307.3295,-207.0,148.0,27.397722959518433
2375.0,1294.0,2360.988,1306.6462,-208.0,149.0,27.43603205680847
2375.0,1294.0,2361.8022,1306.0752,-208.0,149.0,27.494544982910156
2377.0,1292.0,2362.9895,1305.2463,-210.0,151.0,27.55571413040161
2378.0,1291.0,2364.1755,1304.4094,-211.0,152.0,27.60658097267151
2380.0,1290.0,2365.221,1303.6787,-213.0,153.0,27.648900985717773
2381.0,1289.0,2366.1409,1303.0223,-214.0,154.0,27.710577964782715
2382.0,1288.0,2367.4417,1302.1079,-215.0,155.0,27.769358158111572
2383.0,1287.0,2368.5537,1301.3085,-216.0,156.0,27.80896806716919
2383.0,1287.0,2369.3977,1300.6823,-216.0,156.0,27.85141611099243
2385.0,1286.0,2370.309,1300.0276,-218.0,157.0,27.90558385848999
2387.0,1285.0,2371.5022,1299.2024,-220.0,158.0,27.96906018257141
2388.0,1284.0,2372.7527,1298.3304,-221.0,159.0,28.01450800895691
2389.0,1283.0,2373.7263,1297.6316,-222.0,160.0,28.052783250808716
2389.0,1283.0,2374.5896,1297.0032,-222.0,160.0,28.11212182044983
2391.0,1282.0,2375.8386,1296.1362,-224.0,161.0,28.176767110824585
2393.0,1281.0,2377.1663,1295.2312,-226.0,162.0,28.221090078353882
2394.0,1280.0,2378.1628,1294.5343,-227.0,163.0,28.26114320755005
2395.0,1278.0,2379.08,1293.8538,-228.0,165.0,28.300116062164307
2395.0,1278.0,2379.9731,1293.1874,-228.0,165.0,28.351904153823853
2398.0,1277.0,2381.1257,1292.3884,-231.0,166.0,28.41671085357666
2399.0,1276.0,2382.522,1291.4204,-232.0,167.0,28.465585947036743
2400.0,1275.0,2383.5884,1290.6598,-233.0,168.0,28.506717920303345
2401.0,1274.0,2384.5386,1289.9677,-234.0,169.0,28.54547691345215
2401.0,1274.0,2385.4487,1289.2999,-234.0,169.0,28.600641012191772
2404.0,1272.0,2386.7014,1288.4169,-237.0,171.0,28.668303966522217
2406.0,1271.0,2388.1394,1287.4258,-239.0,172.0,28.716912984848022
2407.0,1270.0,2389.2605,1286.6333,-240.0,173.0,28.75710701942444
2408.0,1269.0,2390.2393,1285.9263,-241.0,174.0,28.797295808792114
2408.0,1269.0,2391.217,1285.2174,-241.0,174.0,28.85124897956848
2409.0,1269.0,2392.5718,1284.2806,-242.0,174.0,28.927183866500854
2412.0,1266.0,2394.055,1283.24,-245.0,177.0,28.969572067260742
2413.0,1265.0,2395.0764,1282.4932,-246.0,178.0,29.013202905654907
2414.0,1264.0,2396.1238,1281.722,-247.0,179.0,29.057081937789917
2416.0,1263.0,2397.2192,1280.9346,-249.0,180.0,29.11468505859375
2416.0,1263.0,2398.5996,1279.9564,-249.0,180.0,29.176465034484863
2419.0,1262.0,2399.9485,1279.0352,-252.0,181.0,29.218032836914062
2419.0,1261.0,2400.9573,1278.3055,-252.0,182.0,29.260013103485107
2421.0,1260.0,2402.0164,1277.5579,-254.0,183.0,29.31836199760437
2423.0,1258.0,2403.4514,1276.5502,-256.0,185.0,29.378708124160767
2424.0,1258.0,2404.801,1275.6167,-257.0,185.0,29.422208070755005
2426.0,1257.0,2405.9622,1274.8204,-259.0,186.0,29.462995052337646
2426.0,1257.0,2406.986,1274.1106,-259.0,186.0,29.519745111465454
2428.0,1255.0,2408.4338,1273.1096,-261.0,188.0,29.582293033599854
2430.0,1253.0,2409.8237,1272.1318,-263.0,190.0,29.62575602531433
2431.0,1252.0,2410.9539,1271.3154,-264.0,191.0,29.670970916748047
2433.0,1251.0,2412.1228,1270.4883,-266.0,192.0,29.71045994758606
2433.0,1251.0,2413.1619,1269.743,-266.0,192.0,29.759546995162964
2435.0,1249.0,2414.443,1268.8267,-268.0,194.0,29.82306408882141
2437.0,1248.0,2416.01,1267.7367,-270.0,195.0,29.872127056121826
2438.0,1247.0,2417.205,1266.8805,-271.0,196.0,29.917011976242065
2440.0,1246.0,2418.4058,1266.0349,-273.0,197.0,29.95646381378174
2440.0,1246.0,2419.4624,1265.2804,-273.0,197.0,30.01071310043335
2442.0,1244.0,2420.8809,1264.2761,-275.0,199.0,30.077953100204468
2444.0,1243.0,2422.4768,1263.1687,-277.0,200.0,30.12362003326416
2445.0,1241.0,2423.6833,1262.279,-278.0,202.0,30.165772199630737
2447.0,1240.0,2424.5286,1261.7288,-257.528564453125,181.271240234375,30.20535922050476
2447.0,1240.0,2425.6438,1260.9093,-280.0,203.0,30.2600839138031
2450.0,1238.0,2426.7458,1260.192,-259.745849609375,182.8079833984375,30.325855016708374
2451.0,1237.0,2428.0283,1259.3577,-261.0283203125,183.642333984375,30.371322870254517
2453.0,1236.0,2428.936,1258.7675,-261.93603515625,184.2325439453125,30.41195797920227
2454.0,1235.0,2429.7478,1258.2397,-262.747802734375,184.76025390625,30.450165033340454
2454.0,1235.0,2430.517,1257.7399,-263.51708984375,185.2601318359375,30.50133204460144
2458.0,1232.0,2431.598,1257.0378,-264.597900390625,185.962158203125,30.565399169921875
2459.0,1231.0,2432.884,1256.2028,-265.884033203125,186.7972412109375,30.613279104232788
2461.0,1230.0,2433.82,1255.5953,-266.820068359375,187.4046630859375,30.655539989471436
2462.0,1229.0,2434.6753,1255.0405,-267.67529296875,187.95947265625,30.696903944015503
2462.0,1229.0,2435.5342,1254.4835,-268.5341796875,188.5164794921875,30.753143072128296
2465.0,1226.0,2436.752,1253.6941,-269.751953125,189.305908203125,30.818630933761597
2467.0,1225.0,2438.0002,1252.8854,-271.000244140625,190.1146240234375,30.86618709564209
2469.0,1224.0,2438.9688,1252.2582,-271.96875,190.7418212890625,30.906776189804077
2470.0,1223.0,2439.7969,1251.722,-272.796875,191.2779541015625,30.950489044189453
2470.0,1223.0,2440.7397,1251.1118,-273.73974609375,191.88818359375,31.012312173843384
2472.0,1222.0,2442.0627,1250.256,-275.062744140625,192.7440185546875,31.092805862426758
2477.0,1218.0,2443.628,1249.244,-276.6279296875,193.7559814453125,31.134284019470215
2477.0,1218.0,2444.4907,1248.6865,-277.49072265625,194.3134765625,31.175696849822998
2477.0,1218.0,2445.3516,1248.1305,-278.3515625,194.8695068359375,31.217266082763672
2480.0,1215.0,2446.2085,1247.577,-279.20849609375,195.4229736328125,31.279999017715454
2482.0,1214.0,2447.539,1246.718,-280.5390625,196.281982421875,31.340511083602905
2483.0,1213.0,2448.7913,1245.9102,-281.791259765625,197.08984375,31.38492202758789
2485.0,1211.0,2449.7651,1245.282,-282.76513671875,197.718017578125,31.427392959594727
2485.0,1211.0,2450.5798,1244.7568,-283.579833984375,198.2431640625,31.468160152435303
2488.0,1209.0,2451.433,1244.2069,-284.43310546875,198.7930908203125,31.521606922149658
2490.0,1208.0,2452.647,1243.4249,-285.64697265625,199.5750732421875,31.588056087493896
2492.0,1206.0,2453.9895,1242.5604,-286.989501953125,200.4395751953125,31.634571075439453
2493.0,1205.0,2454.9966,1241.9122,-287.99658203125,201.0877685546875,31.67727303504944
2493.0,1205.0,2455.8286,1241.3768,-288.82861328125,201.6231689453125,31.718517065048218
2497.0,1203.0,2456.7068,1240.812,-289.706787109375,202.18798828125,31.77078104019165
2498.0,1201.0,2458.09,1239.9225,-291.090087890625,203.0775146484375,31.881808042526245
2502.0,1199.0,2460.3489,1238.471,-293.348876953125,204.529052734375,31.93783187866211
2502.0,1199.0,2461.3923,1237.8009,-294.392333984375,205.1990966796875,31.97850203514099
2502.0,1198.0,2462.249,1237.251,-295.2490234375,205.7490234375,32.03702902793884
2505.0,1196.0,2463.5789,1236.3975,-296.578857421875,206.6025390625,32.10001015663147
2507.0,1195.0,2464.8518,1235.5808,-297.851806640625,207.419189453125,32.14936304092407
2509.0,1193.0,2465.8958,1234.9114,-298.895751953125,208.088623046875,32.19383502006531
2511.0,1192.0,2466.8562,1234.2958,-299.856201171875,208.7042236328125,32.23212122917175
2511.0,1192.0,2467.6782,1233.7689,-300.67822265625,209.2310791015625,32.28658318519592
2514.0,1189.0,2468.944,1232.9581,-301.944091796875,210.0418701171875,32.353419065475464
2516.0,1187.0,2470.3752,1232.0417,-303.375244140625,210.958251953125,32.40120816230774
2518.0,1186.0,2471.349,1231.4185,-304.34912109375,211.58154296875,32.441899061203
2520.0,1185.0,2472.2341,1230.8522,-305.234130859375,212.1478271484375,32.48089289665222
2520.0,1185.0,2473.1113,1230.291,-306.111328125,212.708984375,32.53699517250061
2523.0,1182.0,2474.4038,1229.4646,-307.40380859375,213.535400390625,32.60136413574219
2525.0,1181.0,2475.7056,1228.6326,-308.70556640625,214.367431640625,32.649994134902954
2527.0,1179.0,2476.7732,1227.9506,-309.773193359375,215.0494384765625,32.69102501869202
2529.0,1178.0,2529.0,1178.0,-362.0,265.0,32.73299217224121
2529.0,1178.0,2529.0,1178.0,-362.0,265.0,32.784363985061646
2531.0,1176.0,2529.0198,1177.9802,-364.0,267.0,32.84860181808472
2535.0,1173.0,2529.0793,1177.9305,-368.0,270.0,32.895626068115234
2537.0,1172.0,2529.1592,1177.8706,-370.0,271.0,32.93648314476013
2539.0,1170.0,2529.2598,1177.7903,-372.0,273.0,32.977575063705444
2539.0,1170.0,2529.3613,1177.709,-372.0,273.0,33.03034710884094
2541.0,1169.0,2529.4873,1177.6146,-374.0,274.0,33.0977668762207
2544.0,1166.0,2529.653,1177.482,-377.0,277.0,33.145024061203
2546.0,1165.0,2529.8435,1177.3365,-379.0,278.0,33.18754005432129
2548.0,1164.0,2530.0623,1177.1755,-381.0,279.0,33.229207038879395
2548.0,1164.0,2530.288,1177.0092,-381.0,279.0,33.28071618080139
2550.0,1162.0,2530.556,1176.8053,-383.0,281.0,33.34588694572449
2553.0,1159.0,2530.8848,1176.5455,-386.0,284.0,33.38975214958191
2555.0,1158.0,2531.2417,1176.2711,-388.0,285.0,33.43019199371338
2556.0,1157.0,2531.6252,1175.973,-389.0,286.0,33.47001910209656
2556.0,1157.0,2532.026,1175.6617,-389.0,286.0,33.517935276031494
2558.0,1155.0,2532.4893,1175.2949,-391.0,288.0,33.58259296417236
2562.0,1153.0,2533.0754,1174.85,-395.0,290.0,33.634844064712524
2563.0,1151.0,2533.6917,1174.3615,-396.0,292.0,33.67548489570618
2565.0,1150.0,2534.347,1173.8518,-398.0,293.0,33.7175350189209
2565.0,1150.0,2535.0344,1173.3171,-398.0,293.0,33.7704131603241
2567.0,1149.0,2535.8733,1172.676,-400.0,294.0,33.846851110458374
2572.0,1145.0,2536.9243,1171.8687,-405.0,298.0,33.891595125198364
2572.0,1145.0,2537.889,1171.1283,-405.0,298.0,33.93405103683472
2574.0,1143.0,2538.9524,1170.3013,-407.0,300.0,33.97598314285278
2575.0,1142.0,2540.0725,1169.4247,-408.0,301.0,34.03529191017151
2578.0,1140.0,2541.4956,1168.3214,-411.0,303.0,34.102084159851074
2579.0,1139.0,2542.982,1167.1626,-412.0,304.0,34.1441969871521
2579.0,1139.0,2544.3635,1166.0847,-412.0,304.0,34.1842200756073
2580.0,1138.0,2545.8047,1164.9536,-413.0,305.0,34.242172956466675
2583.0,1136.0,2547.555,1163.5923,-416.0,307.0,34.30035901069641
2585.0,1134.0,2549.4297,1162.119,-418.0,309.0,34.34417510032654
2587.0,1133.0,2551.2507,1160.7062,-420.0,310.0,34.38225197792053
2587.0,1133.0,2553.0063,1159.3444,-420.0,310.0,34.4355411529541
2590.0,1131.0,2555.1838,1157.667,-423.0,312.0,34.499857902526855
2591.0,1130.0,2557.525,1155.8547,-424.0,313.0,34.54501295089722
2593.0,1128.0,2559.6975,1154.1558,-426.0,315.0,34.58918881416321
2595.0,1127.0,2561.9404,1152.4246,-428.0,316.0,34.62797999382019
2595.0,1127.0,2564.056,1150.7924,-428.0,316.0,34.67780518531799
2597.0,1125.0,2566.5386,1148.8561,-430.0,318.0,34.74115514755249
2599.0,1123.0,2569.371,1146.6276,-432.0,320.0,34.78924202919006
2601.0,1122.0,2571.8843,1144.6721,-434.0,321.0,34.83089995384216
2602.0,1121.0,2574.352,1142.7418,-435.0,322.0,34.871994972229004
2602.0,1121.0,2576.6497,1140.9438,-435.0,322.0,34.92194700241089
2605.0,1119.0,2579.4846,1138.7439,-438.0,324.0,34.99524402618408
2607.0,1118.0,2582.861,1136.1514,-440.0,325.0,35.051344871520996
2608.0,1116.0,2585.767,1133.8612,-441.0,327.0,35.10708785057068
2610.0,1115.0,2588.8137,1131.4911,-443.0,328.0,35.167065143585205
2611.0,1114.0,2591.8923,1129.0839,-444.0,329.0,35.22106194496155
2613.0,1113.0,2594.9106,1126.7549,-446.0,330.0,35.27350211143494
2614.0,1112.0,2597.7456,1124.5557,-447.0,331.0,35.315192222595215
2614.0,1112.0,2600.1672,1122.6776,-447.0,331.0,35.358099937438965
2616.0,1110.0,2602.6252,1120.7457,-449.0,333.0,35.410747051239014
2619.0,1108.0,2605.508,1118.503,-452.0,335.0,35.46533703804016
2620.0,1107.0,2608.475,1116.182,-453.0,336.0,35.55370593070984
2622.0,1106.0,2613.2253,1112.5074,-455.0,337.0,35.6496319770813
2625.0,1104.0,2617.3823,1109.3169,-458.0,339.0,35.70405197143555
2625.0,1104.0,2620.2434,1107.1329,-458.0,339.0,35.76313495635986
2626.0,1103.0,2622.988,1105.0239,-459.0,340.0,35.81450295448303
2628.0,1102.0,2625.6538,1103.0118,-461.0,341.0,35.868690967559814
2628.0,1102.0,2628.0532,1101.2042,-461.0,341.0,35.919923067092896
2630.0,1100.0,2630.464,1099.3562,-463.0,343.0,35.976804971694946
2632.0,1098.0,2633.0583,1097.3363,-465.0,345.0,36.02036213874817
2633.0,1097.0,2635.011,1095.7992,-466.0,346.0,36.06441307067871
2635.0,1096.0,2637.0361,1094.2423,-468.0,347.0,36.115797996520996
2635.0,1096.0,2639.3154,1092.4879,-468.0,347.0,36.168635845184326
2637.0,1094.0,2641.6672,1090.6486,-470.0,349.0,36.224485874176025
2639.0,1093.0,2644.0474,1088.8226,-472.0,350.0,36.27479910850525
2640.0,1092.0,2646.236,1087.13,-473.0,351.0,36.3247230052948
2641.0,1091.0,2648.2908,1085.527,-474.0,352.0,36.3857421875
2643.0,1090.0,2650.8154,1083.5948,-476.0,353.0,36.445866107940674
2644.0,1089.0,2653.2153,1081.7445,-477.0,354.0,36.492913007736206
2645.0,1088.0,2655.0977,1080.2804,-478.0,355.0,36.53460097312927
2645.0,1088.0,2656.3787,1079.2822,-478.0,355.0,36.578601121902466
2647.0,1086.0,2657.9075,1078.0648,-480.0,357.0,36.62361001968384
2649.0,1085.0,2659.5615,1076.7853,-482.0,358.0,36.674689054489136
2650.0,1084.0,2661.7861,1075.0499,-483.0,359.0,36.7327561378479
2650.0,1084.0,2663.6423,1073.6003,-483.0,359.0,36.78480792045593
2652.0,1082.0,2665.6848,1071.9796,-485.0,361.0,36.84046912193298
2654.0,1081.0,2667.6245,1070.4729,-487.0,362.0,36.899091958999634
2655.0,1080.0,2669.577,1068.9429,-488.0,363.0,36.95309019088745
2656.0,1079.0,2671.4463,1067.4642,-489.0,364.0,37.004679918289185
2658.0,1078.0,2673.2966,1066.0344,-491.0,365.0,37.0603551864624
2659.0,1077.0,2675.0696,1064.6509,-492.0,366.0,37.11835598945618
2660.0,1076.0,2676.9468,1063.1735,-493.0,367.0,37.16745710372925
2661.0,1076.0,2678.576,1061.9354,-494.0,367.0,37.22270393371582
2661.0,1076.0,2680.268,1060.6475,-494.0,367.0,37.28955101966858
2664.0,1074.0,2682.617,1058.8693,-497.0,369.0,37.35261011123657
2665.0,1073.0,2684.601,1057.3591,-498.0,370.0,37.399088859558105
2665.0,1073.0,2685.5083,1056.6824,-498.0,370.0,37.44213604927063
2666.0,1071.0,2686.361,1055.9749,-499.0,372.0,37.482527017593384
2668.0,1070.0,2687.2568,1055.2681,-501.0,373.0,37.523115158081055
2668.0,1070.0,2688.272,1054.4694,-501.0,373.0,37.56843590736389
2670.0,1069.0,2689.2415,1053.7374,-503.0,374.0,37.614453077316284
2672.0,1067.0,2690.4832,1052.7688,-505.0,376.0,37.66809821128845
2673.0,1066.0,2692.0176,1051.5609,-506.0,377.0,37.72307109832764
2674.0,1065.0,2693.9358,1050.0432,-507.0,378.0,37.784969091415405
2675.0,1064.0,2695.5166,1048.7755,-508.0,379.0,37.83575701713562
2675.0,1064.0,2696.7434,1047.7839,-508.0,379.0,37.886728048324585
2677.0,1063.0,2698.0605,1046.7539,-510.0,380.0,37.94112491607666
2679.0,1062.0,2699.5083,1045.653,-512.0,381.0,37.99427795410156
2680.0,1061.0,2700.8352,1044.6327,-513.0,382.0,38.048805952072144
2681.0,1060.0,2702.218,1043.5564,-514.0,383.0,38.09550499916077
2682.0,1059.0,2703.2788,1042.7183,-515.0,384.0,38.13592720031738
2682.0,1059.0,2704.0525,1042.1038,-515.0,384.0,38.18069410324097
2683.0,1058.0,2704.8613,1041.4506,-516.0,385.0,38.23611402511597
2685.0,1057.0,2706.5103,1040.1746,-518.0,386.0,38.29772400856018
2686.0,1056.0,2707.943,1039.0546,-519.0,387.0,38.3478889465332
2688.0,1055.0,2709.1108,1038.1697,-521.0,388.0,38.39965605735779
2689.0,1054.0,2710.4531,1037.1367,-522.0,389.0,38.455376863479614
2690.0,1053.0,2712.0657,1035.8817,-523.0,390.0,38.51144981384277
2690.0,1053.0,2713.101,1035.075,-523.0,390.0,38.565130949020386
2691.0,1052.0,2714.1958,1034.2104,-524.0,391.0,38.61953902244568
2692.0,1051.0,2715.3384,1033.2974,-525.0,392.0,38.665658950805664
2694.0,1050.0,2716.201,1032.6317,-527.0,393.0,38.7105028629303
2694.0,1049.0,2716.951,1032.0023,-527.0,394.0,38.750187158584595
2694.0,1049.0,2717.5535,1031.4895,-527.0,394.0,38.794718980789185
2696.0,1049.0,2718.3052,1030.9397,-529.0,394.0,38.84507918357849
2698.0,1047.0,2719.383,1030.1129,-531.0,396.0,38.90238404273987
2699.0,1046.0,2720.6782,1029.1058,-532.0,397.0,38.95818018913269
2700.0,1045.0,2722.0552,1028.0238,-533.0,398.0,39.01607394218445
2701.0,1045.0,2723.3003,1027.0833,-534.0,398.0,39.07629203796387
2702.0,1044.0,2724.7761,1025.9513,-535.0,399.0,39.13468289375305
2702.0,1043.0,2727.1992,1024.0665,-560.19921875,418.9334716796875,39.19261288642883
2702.0,1043.0,2729.4958,1022.2801,-562.495849609375,420.71990966796875,39.23494005203247
2704.0,1042.0,2731.2554,1020.9115,-564.25537109375,422.0885009765625,39.27983593940735
2706.0,1041.0,2733.1665,1019.4248,-566.16650390625,423.5751953125,39.32369685173035
2707.0,1040.0,2735.036,1017.97064,-568.035888671875,425.02935791015625,39.37083292007446
2707.0,1040.0,2737.2397,1016.25616,-570.23974609375,426.74383544921875,39.42520713806152
2707.0,1039.0,2739.6777,1014.3597,-572.677734375,428.64031982421875,39.48228883743286
2709.0,1038.0,2741.8713,1012.6532,-574.871337890625,430.3468017578125,39.53228187561035
2710.0,1037.0,2744.058,1010.952,-577.05810546875,432.0479736328125,39.584064960479736
2711.0,1036.0,2746.328,1009.18616,-579.327880859375,433.8138427734375,39.63629603385925
2712.0,1036.0,2748.6633,1007.36926,-581.663330078125,435.6307373046875,39.688345193862915
2713.0,1035.0,2751.0344,1005.5246,-584.034423828125,437.47540283203125,39.734498023986816
2713.0,1035.0,2753.1072,1003.9119,-586.107177734375,439.08807373046875,39.78178095817566
2714.0,1034.0,2755.088,1002.37085,-588.087890625,440.629150390625,39.83858108520508
2716.0,1033.0,2757.7715,1000.2829,-590.771484375,442.71710205078125,39.896302223205566
2717.0,1032.0,2760.2725,998.33704,-593.2724609375,444.6629638671875,39.94510221481323
2717.0,1032.0,2762.4768,996.6218,-595.476806640625,446.378173828125,39.99690818786621
2718.0,1031.0,2764.9426,994.70325,-597.942626953125,448.2967529296875,40.062156200408936
2719.0,1030.0,2767.914,992.3911,-600.9140625,450.60888671875,40.11239814758301
2719.0,1030.0,2770.0972,990.6924,-603.09716796875,452.3076171875,40.15296697616577
2720.0,1030.0,2771.937,989.26074,-604.93701171875,453.7392578125,40.19558310508728
2721.0,1028.0,2773.8923,987.7391,-606.892333984375,455.26092529296875,40.23774218559265
2723.0,1027.0,2776.0034,986.09625,-609.00341796875,456.90374755859375,40.28193807601929
2723.0,1027.0,2777.9114,984.6116,-610.911376953125,458.388427734375,40.32538080215454
2724.0,1026.0,2779.956,983.0204,-612.9560546875,459.9796142578125,40.368496894836426
2725.0,1025.0,2781.9558,981.46405,-614.955810546875,461.53594970703125,40.40678882598877
2725.0,1025.0,2783.7788,980.0454,-616.77880859375,462.95458984375,40.44883108139038
2726.0,1024.0,2785.7341,978.5237,-618.734130859375,464.476318359375,40.4920699596405
2727.0,1024.0,2787.853,976.8747,-620.85302734375,466.12530517578125,40.544236183166504
2728.0,1023.0,2790.5422,974.78174,-623.542236328125,468.21826171875,40.60419011116028
2728.0,1023.0,2793.2847,972.6473,-626.28466796875,470.35272216796875,40.65293288230896
2730.0,1021.0,2795.488,970.9323,-628.488037109375,472.06768798828125,40.709230184555054
2731.0,1021.0,2798.3376,968.7143,-631.337646484375,474.28570556640625,40.76535511016846
2731.0,1020.0,2800.9243,966.701,-633.92431640625,476.29901123046875,40.815001249313354
2732.0,1020.0,2803.333,964.8262,-636.3330078125,478.173828125,40.86021089553833
2733.0,1019.0,2805.5356,963.11163,-638.53564453125,479.88836669921875,40.89924192428589
2733.0,1019.0,2807.4666,961.60864,-640.466552734375,481.391357421875,40.945855140686035
2735.0,1018.0,2809.78,959.8079,-642.780029296875,483.19207763671875,40.988927125930786
2736.0,1017.0,2811.8591,958.1895,-644.859130859375,484.81048583984375,41.028722047805786
2736.0,1017.0,2813.8848,956.6128,-646.884765625,486.38720703125,41.07081913948059
2737.0,1016.0,2815.9443,955.0095,-648.9443359375,487.990478515625,41.111807107925415
2738.0,1015.0,2817.9563,953.4434,-650.956298828125,489.55657958984375,41.15168905258179
2738.0,1015.0,2820.0408,951.8208,-653.040771484375,491.17919921875,41.1977379322052
2739.0,1014.0,2822.2847,950.074,-655.28466796875,492.926025390625,41.24073100090027
2741.0,1013.0,2824.448,948.3899,-657.447998046875,494.610107421875,41.29346013069153
2741.0,1013.0,2827.3416,946.1374,-660.341552734375,496.86260986328125,41.35157299041748
2743.0,1012.0,2830.1836,943.9249,-663.18359375,499.0750732421875,41.408255100250244
2743.0,1011.0,2833.1418,941.62195,-666.141845703125,501.3780517578125,41.45733404159546
2743.0,1011.0,2835.721,939.6141,-668.720947265625,503.38592529296875,41.511420011520386
2744.0,1010.0,2838.2825,937.6198,-671.282470703125,505.38018798828125,41.5620539188385
2745.0,1010.0,2840.861,935.6123,-673.861083984375,507.3876953125,41.603076219558716
2746.0,1009.0,2842.9746,933.96686,-675.974609375,509.03314208984375,41.64639496803284
2746.0,1009.0,2845.2651,932.18365,-678.26513671875,510.81634521484375,41.69131016731262
2747.0,1008.0,2847.6223,930.3483,-680.622314453125,512.6516723632812,41.73649311065674
2748.0,1007.0,2849.9497,928.5362,-682.94970703125,514.4638061523438,41.78244090080261
2749.0,1007.0,2852.3357,926.6784,-685.335693359375,516.3215942382812,41.822519063949585
2749.0,1007.0,2854.4668,925.01917,-687.466796875,517.9808349609375,41.866860151290894
2749.0,1006.0,2856.8171,923.1893,-689.817138671875,519.8107299804688,41.91438388824463
2751.0,1005.0,2859.3105,921.24786,-692.310546875,521.7521362304688,41.967787981033325
2751.0,1004.0,2862.2896,918.9283,-695.28955078125,524.0717163085938,42.022599935531616
2752.0,1004.0,2865.2898,916.59216,-698.289794921875,526.4078369140625,42.07275199890137
2752.0,1004.0,2868.1094,914.3967,-701.109375,528.603271484375,42.13016986846924
2753.0,1003.0,2870.8848,912.2356,-703.884765625,530.764404296875,42.18539500236511
2754.0,1002.0,2873.8567,909.9214,-706.856689453125,533.07861328125,42.24078893661499
2755.0,1002.0,2876.9568,907.5073,-709.956787109375,535.49267578125,42.29379606246948
2755.0,1001.0,2879.8418,905.2608,-712.841796875,537.7391967773438,42.34760499000549
2756.0,1001.0,2882.7458,902.99945,-715.745849609375,540.0005493164062,42.400914907455444
2757.0,1000.0,2885.5945,900.7811,-718.594482421875,542.2188720703125,42.444321155548096
2757.0,1000.0,2888.038,898.87823,-721.0380859375,544.1217651367188,42.486047983169556
2758.0,999.0,2890.3254,897.097,-723.325439453125,545.9030151367188,42.532346963882446
2759.0,998.0,2892.863,895.1209,-725.863037109375,547.8790893554688,42.587347984313965
2760.0,998.0,2896.0012,892.67694,-729.001220703125,550.3230590820312,42.64241600036621
2760.0,997.0,2899.3237,890.0894,-732.32373046875,552.9105834960938,42.69384503364563
2760.0,997.0,2901.9136,888.0724,-734.91357421875,554.9276123046875,42.73685622215271
2761.0,997.0,2904.3083,886.2074,-737.308349609375,556.7926025390625,42.78761911392212
2762.0,996.0,2907.272,883.89923,-740.27197265625,559.1007690429688,42.84079909324646
2763.0,995.0,2910.173,881.6397,-743.173095703125,561.3602905273438,42.885082960128784
2764.0,994.0,2912.8328,879.56824,-745.832763671875,563.4317626953125,42.92741107940674
2764.0,994.0,2915.1062,877.7975,-748.106201171875,565.2025146484375,42.9728479385376
2765.0,994.0,2917.7207,875.7612,-750.720703125,567.23876953125,43.037402868270874
2766.0,993.0,2921.4954,872.82135,-754.495361328125,570.1786499023438,43.09666585922241
2766.0,993.0,2924.8337,870.2212,-757.833740234375,572.77880859375,43.147011041641235
2767.0,992.0,2927.7563,867.9448,-760.75634765625,575.05517578125,43.199718952178955
2768.0,992.0,2930.8135,865.5636,-763.8134765625,577.4364013671875,43.251392126083374
2768.0,991.0,2933.8691,863.1836,-766.869140625,579.81640625,43.3031120300293
2768.0,991.0,2936.9814,860.75946,-769.9814453125,582.2405395507812,43.3555269241333
2769.0,990.0,2940.1604,858.2834,-773.160400390625,584.7166137695312,43.41256093978882
2770.0,990.0,2943.2654,855.8648,-776.265380859375,587.1351928710938,43.45561718940735
2770.0,989.0,2945.8418,853.858,-778.841796875,589.1420288085938,43.50175595283508
2771.0,989.0,2948.571,851.7321,-781.571044921875,591.2678833007812,43.542134046554565
2771.0,989.0,2950.9495,849.8794,-783.949462890625,593.12060546875,43.5880241394043
2772.0,988.0,2953.754,847.69476,-786.75390625,595.3052368164062,43.70680904388428
2774.0,986.0,2960.9087,842.1214,-793.90869140625,600.8786010742188,43.76207494735718
2774.0,986.0,2964.2126,839.5476,-797.212646484375,603.452392578125,43.81881499290466
2774.0,986.0,2967.5708,836.9316,-800.57080078125,606.0684204101562,43.87216806411743
2775.0,986.0,2971.1013,834.18134,-804.101318359375,608.8186645507812,43.92851686477661
2775.0,985.0,2974.5322,831.5085,-807.5322265625,611.4915161132812,43.98598003387451
2775.0,985.0,2977.8264,828.9423,-810.826416015625,614.0576782226562,44.034574031829834
2776.0,985.0,2980.7468,826.66724,-813.746826171875,616.332763671875,44.081393003463745
2777.0,984.0,2983.6113,824.43555,-816.611328125,618.564453125,44.12591910362244
2778.0,983.0,2986.5728,822.1284,-819.57275390625,620.87158203125,44.18547701835632
2778.0,983.0,2990.0857,819.39154,-823.085693359375,623.6084594726562,44.24940490722656
2779.0,982.0,2994.1057,816.25964,-827.105712890625,626.7403564453125,44.30494213104248
2779.0,982.0,2997.861,813.3339,-830.861083984375,629.6660766601562,44.3689239025116
2780.0,981.0,3001.5024,810.4969,-834.50244140625,632.5031127929688,44.42632818222046
2781.0,981.0,3005.3352,807.5107,-838.335205078125,635.4893188476562,44.47964906692505
2781.0,981.0,3008.5999,804.9672,-841.599853515625,638.0327758789062,44.53059506416321
2781.0,981.0,3011.8171,802.4606,-844.817138671875,640.5394287109375,44.584136962890625
2782.0,980.0,3015.1104,799.8948,-848.1103515625,643.105224609375,44.636817932128906
2783.0,979.0,3018.5093,797.2465,-851.50927734375,645.7534790039062,44.679900884628296
2783.0,979.0,3021.2397,795.1191,-854.23974609375,647.8809204101562,44.726629972457886
2784.0,978.0,3024.4294,792.6338,-857.429443359375,650.3662109375,44.76985001564026
2784.0,978.0,3026.9968,790.6334,-859.996826171875,652.3665771484375,44.82045102119446
2785.0,977.0,3030.289,788.0682,-863.2890625,654.9318237304688,44.87462615966797
2785.0,977.0,3033.928,785.2327,-866.927978515625,657.7672729492188,44.92888808250427
2786.0,976.0,3037.2908,782.6125,-870.290771484375,660.3875122070312,44.98315715789795
2787.0,976.0,3040.8135,779.8676,-873.8134765625,663.1323852539062,45.02562999725342
2787.0,976.0,3043.632,777.67126,-876.632080078125,665.3287353515625,45.067914962768555
2787.0,976.0,3046.369,775.5387,-879.368896484375,667.4613037109375,45.10899901390076
2788.0,975.0,3049.1287,773.38824,-882.128662109375,669.6117553710938,45.1636528968811
2789.0,974.0,3052.9744,770.3916,-885.974365234375,672.6083984375,45.22250699996948
2789.0,974.0,3057.0466,767.2184,-890.046630859375,675.7816162109375,45.282504081726074
2790.0,974.0,3060.7131,764.36127,-893.713134765625,678.6387329101562,45.33754086494446
2790.0,974.0,3064.2378,761.6146,-897.23779296875,681.3853759765625,45.38888907432556
2790.0,973.0,3067.8853,758.77234,-900.88525390625,684.2276611328125,45.44814491271973
2791.0,973.0,3071.5393,755.9248,-904.539306640625,687.0751953125,45.50024104118347
2792.0,972.0,3075.058,753.1827,-908.05810546875,689.8173217773438,45.54316806793213
2793.0,972.0,3077.9934,750.89526,-910.993408203125,692.104736328125,45.5866482257843
2793.0,971.0,3081.0876,748.4839,-914.087646484375,694.51611328125,45.63577914237976
2793.0,971.0,3084.5452,745.78955,-917.545166015625,697.21044921875,45.688206911087036
2794.0,970.0,3088.0378,743.0676,-921.037841796875,699.932373046875,45.768911838531494
2794.0,970.0,3093.5452,738.7758,-926.545166015625,704.2241821289062,45.83025527000427
2795.0,969.0,3097.869,735.4062,-930.868896484375,707.5938110351562,45.881359815597534
2795.0,969.0,3101.1082,732.88184,-934.108154296875,710.1181640625,45.92564511299133
2796.0,969.0,3104.0513,730.58826,-937.05126953125,712.4117431640625,45.970329999923706
2796.0,968.0,3107.1125,728.2026,-940.112548828125,714.7974243164062,46.02467107772827
2797.0,968.0,3111.3406,724.9075,-944.340576171875,718.092529296875,46.08397603034973
2798.0,967.0,3115.407,721.7384,-948.406982421875,721.2615966796875,46.14156103134155
2798.0,967.0,3119.35,718.6652,-952.35009765625,724.3347778320312,46.193788051605225
2798.0,967.0,3122.9614,715.8507,-955.96142578125,727.1492919921875,46.248799085617065
2798.0,967.0,3126.5107,713.0845,-959.5107421875,729.91552734375,46.30342102050781
2799.0,966.0,3130.4082,710.04694,-963.408203125,732.9530639648438,46.35693287849426
2800.0,966.0,3134.3442,706.9792,-967.34423828125,736.0208129882812,46.40932607650757
2800.0,965.0,3138.0513,704.0899,-971.05126953125,738.9100952148438,46.46763491630554
2801.0,965.0,3141.994,701.017,-974.993896484375,741.9829711914062,46.520825147628784
2801.0,964.0,3145.7957,698.05396,-978.795654296875,744.946044921875,46.57202100753784
2802.0,964.0,3149.7559,694.9673,-982.755859375,748.03271484375,46.61664605140686
2802.0,964.0,3152.6062,692.7457,-985.606201171875,750.2542724609375,46.66008710861206
2802.0,964.0,3155.7112,690.32556,-988.711181640625,752.6744384765625,46.702319860458374
2803.0,963.0,3158.7708,687.9409,-991.770751953125,755.05908203125,46.754400968551636
2804.0,962.0,3163.1045,684.5631,-996.1044921875,758.4368896484375,46.8153920173645
2804.0,962.0,3167.0415,681.4944,-1000.04150390625,761.505615234375,46.86681389808655
2804.0,962.0,3170.9067,678.48157,-1003.90673828125,764.5184326171875,46.92255210876465
2805.0,962.0,3174.7876,675.45654,-1007.78759765625,767.54345703125,46.972168922424316
2805.0,961.0,3178.338,672.68933,-1011.337890625,770.3106689453125,47.01967811584473
2806.0,961.0,3181.817,669.9776,-1014.81689453125,773.0223999023438,47.0633339881897
2806.0,960.0,3185.181,667.35535,-1018.180908203125,775.6446533203125,47.10545110702515
2806.0,960.0,3188.159,665.034,-1021.158935546875,777.9660034179688,47.152132987976074
2807.0,960.0,3191.565,662.3791,-1024.56494140625,780.6209106445312,47.205124855041504
2808.0,959.0,3195.7402,659.12445,-1028.740234375,783.8755493164062,47.25912618637085
2808.0,959.0,3199.6733,656.05865,-1032.67333984375,786.9413452148438,47.30987596511841
2809.0,958.0,3203.4707,653.0987,-1036.470703125,789.9013061523438,47.35368990898132
2809.0,958.0,3206.506,650.73267,-1039.506103515625,792.267333984375,47.40315818786621
2809.0,958.0,3210.1846,647.86523,-1043.1845703125,795.134765625,47.44757604598999
2810.0,958.0,3213.535,645.2535,-1046.534912109375,797.7465209960938,47.49485111236572
2810.0,958.0,3217.3215,642.3017,-1050.321533203125,800.6983032226562,47.55476212501526
2811.0,957.0,3222.1892,638.50726,-1055.189208984375,804.4927368164062,47.61672401428223
2811.0,957.0,3226.37,635.24805,-1059.3701171875,807.751953125,47.67837691307068
2812.0,956.0,3231.3079,631.3989,-1064.307861328125,811.60107421875,47.737247943878174
2812.0,956.0,3235.9275,627.7976,-1068.927490234375,815.202392578125,47.796014070510864
2812.0,956.0,3240.0798,624.56055,-1073.079833984375,818.439453125,47.849849224090576
2812.0,955.0,3244.1257,621.4065,-1077.125732421875,821.593505859375,47.9063401222229
2813.0,955.0,3248.6543,617.87616,-1081.654296875,825.1238403320312,47.96383500099182
2813.0,955.0,3252.725,614.70264,-1085.72509765625,828.29736328125,48.00955510139465
2813.0,954.0,3256.2751,611.9351,-1089.275146484375,831.0648803710938,48.0522198677063
2814.0,954.0,3259.5522,609.38043,-1092.55224609375,833.6195678710938,48.091116189956665
2814.0,954.0,3262.5605,607.0353,-1095.560546875,835.9647216796875,48.13557410240173
2815.0,953.0,3266.0188,604.33936,-1099.018798828125,838.66064453125,48.17776584625244
2815.0,953.0,3269.2896,601.7895,-1102.28955078125,841.2105102539062,48.21637296676636
2815.0,953.0,3272.3953,599.36835,-1105.395263671875,843.6316528320312,48.25883913040161
2816.0,953.0,3275.6162,596.8573,-1108.6162109375,846.1427001953125,48.29966115951538
2816.0,952.0,3278.7869,594.3855,-1111.786865234375,848.614501953125,48.337137937545776
2816.0,952.0,3281.7478,592.0771,-1114.747802734375,850.9229125976562,48.38353419303894
2817.0,952.0,3285.4106,589.2215,-1118.41064453125,853.7785034179688,48.42635703086853
2817.0,951.0,3288.7717,586.601,-1121.771728515625,856.3989868164062,48.46767210960388
2817.0,951.0,3292.0847,584.018,-1125.084716796875,858.9819946289062,48.518925189971924
2818.0,951.0,3296.0933,580.8929,-1129.09326171875,862.1071166992188,48.57603096961975
2818.0,950.0,3300.8416,577.19086,-1133.841552734375,865.8091430664062,48.635786056518555
2819.0,950.0,3305.4187,573.6223,-1138.418701171875,869.377685546875,48.690813064575195
2819.0,950.0,3309.9998,570.05066,-1142.999755859375,872.9493408203125,48.747868061065674
2820.0,949.0,3314.357,566.65344,-1147.35693359375,876.3465576171875,48.80129098892212
2820.0,949.0,3318.5872,563.35535,-1151.587158203125,879.6446533203125,48.85679483413696
2820.0,949.0,3323.3218,559.66394,-1156.32177734375,883.3360595703125,48.917283058166504
2821.0,948.0,3327.9658,556.043,-1160.9658203125,886.9569702148438,48.96884608268738
2821.0,948.0,3332.2554,552.6986,-1165.25537109375,890.3013916015625,49.023009061813354
2821.0,948.0,3336.7234,549.215,-1169.723388671875,893.7849731445312,49.077089071273804
2822.0,948.0,3341.2397,545.6937,-1174.23974609375,897.3062744140625,49.13247799873352
2822.0,948.0,3345.4285,542.4278,-1178.428466796875,900.5722045898438,49.18571400642395
2823.0,947.0,3349.7625,539.0485,-1182.762451171875,903.9514770507812,49.23853015899658
2823.0,947.0,3354.1697,535.6121,-1187.169677734375,907.3878784179688,49.29048204421997
2824.0,946.0,3358.5342,532.20905,-1191.5341796875,910.7909545898438,49.34146595001221
2824.0,946.0,3362.923,528.78705,-1195.923095703125,914.2129516601562,49.39082908630371
2824.0,946.0,3366.6726,525.8635,-1199.672607421875,917.136474609375,49.43472099304199
2824.0,946.0,3370.2559,523.06964,-1203.255859375,919.9303588867188,49.476232051849365
2825.0,945.0,3373.7053,520.38007,-1206.705322265625,922.6199340820312,49.52295994758606
2826.0,945.0,3377.9236,517.0909,-1210.923583984375,925.9091186523438,49.56640005111694
2826.0,945.0,3381.1914,514.5429,-1214.19140625,928.4570922851562,49.61149215698242
2826.0,944.0,3384.9868,511.58356,-1217.98681640625,931.4164428710938,49.65482807159424
2826.0,944.0,3388.606,508.76154,-1221.60595703125,934.2384643554688,49.71671509742737
2827.0,944.0,3393.8247,504.69217,-1226.82470703125,938.307861328125,49.78091287612915
2827.0,944.0,3399.169,500.52505,-1232.1689453125,942.4749755859375,49.834397077560425
2828.0,943.0,3403.918,496.82196,-1236.91796875,946.1780395507812,49.892245054244995
2828.0,943.0,3409.073,492.80215,-1242.072998046875,950.1978759765625,49.95196294784546
2828.0,942.0,3413.9895,488.96832,-1246.989501953125,954.0316772460938,49.99969220161438
2828.0,942.0,3417.7778,486.0143,-1250.77783203125,956.9857177734375,50.04410409927368
2829.0,942.0,3421.447,483.15323,-1254.447021484375,959.8468017578125,50.08436107635498
2829.0,942.0,3424.8916,480.46713,-1257.8916015625,962.5328369140625,50.123684883117676
2829.0,942.0,3428.452,477.69083,-1261.451904296875,965.3092041015625,50.16725206375122
2830.0,941.0,3431.9658,474.95074,-1264.9658203125,968.0492553710938,50.21165108680725
2830.0,941.0,3435.8801,471.89844,-1268.880126953125,971.1015625,50.25975513458252
2831.0,941.0,3440.1753,468.54898,-1273.17529296875,974.4510498046875,50.3026020526886
2831.0,941.0,3443.603,465.87607,-1276.60302734375,977.1239013671875,50.34475016593933
2832.0,940.0,3447.242,463.0384,-1280.241943359375,979.9616088867188,50.38880896568298
2832.0,940.0,3451.043,460.07428,-1284.04296875,982.9257202148438,50.43033719062805
2832.0,940.0,3454.6975,457.22433,-1287.697509765625,985.775634765625,50.474518060684204
2832.0,940.0,3458.5007,454.2585,-1291.500732421875,988.741455078125,50.515336990356445
2833.0,939.0,3462.0476,451.49255,-1295.047607421875,991.5074462890625,50.554600954055786
2833.0,939.0,3465.627,448.7012,-1298.626953125,994.298828125,50.59692192077637
2833.0,939.0,3469.1558,445.94928,-1302.15576171875,997.0507202148438,50.63801288604736
2833.0,938.0,3472.8267,443.08664,-1305.82666015625,999.913330078125,50.68025493621826
2833.0,938.0,3476.4856,440.23325,-1309.485595703125,1002.7667236328125,50.72385096549988
2834.0,938.0,3480.262,437.28827,-1313.261962890625,1005.7117309570312,50.765137910842896
2834.0,938.0,3483.8936,434.4563,-1316.8935546875,1008.543701171875,50.80560302734375
2834.0,938.0,3487.532,431.6189,-1320.531982421875,1011.381103515625,50.847131967544556
2835.0,938.0,3491.1362,428.8081,-1324.13623046875,1014.19189453125,50.89248013496399
2835.0,937.0,3495.135,425.68958,-1328.135009765625,1017.3104248046875,50.93532609939575
2835.0,937.0,3499.2144,422.50827,-1332.21435546875,1020.49169921875,50.9770450592041
2835.0,937.0,3502.6924,419.7959,-1335.6923828125,1023.2041015625,51.018229961395264
2836.0,936.0,3506.3289,416.96,-1339.328857421875,1026.0400390625,51.06351017951965
2836.0,936.0,3510.5388,413.67682,-1343.538818359375,1029.3232421875,51.10588002204895
2836.0,936.0,3514.266,410.77002,-1347.26611328125,1032.22998046875,51.14887094497681
2837.0,936.0,3517.9475,407.89893,-1350.947509765625,1035.10107421875,51.18910813331604
2837.0,936.0,3521.5774,405.06808,-1354.577392578125,1037.931884765625,51.22759199142456
2837.0,936.0,3525.0288,402.37637,-1358.02880859375,1040.6236572265625,51.273202896118164
2837.0,935.0,3529.3352,399.0179,-1362.335205078125,1043.9820556640625,51.32316017150879
2837.0,935.0,3533.927,395.43674,-1366.927001953125,1047.563232421875,51.376275062561035
2838.0,935.0,3538.6082,391.786,-1371.608154296875,1051.2139892578125,51.420788049697876
2838.0,935.0,3542.5432,388.71716,-1375.543212890625,1054.2828369140625,51.46148610115051
2838.0,934.0,3546.1562,385.89926,-1379.15625,1057.1007080078125,51.50389099121094
2839.0,934.0,3550.0107,382.8931,-1383.0107421875,1060.10693359375,51.546348094940186
2839.0,934.0,3553.99,379.78973,-1386.989990234375,1063.210205078125,51.58684182167053
2839.0,933.0,3557.6438,376.94006,-1390.643798828125,1066.0599365234375,51.62863206863403
2839.0,933.0,3561.4001,374.01047,-1394.400146484375,1068.989501953125,51.669723987579346
2839.0,933.0,3565.211,371.03833,-1398.2109375,1071.961669921875,51.7090630531311
2840.0,933.0,3568.7788,368.25565,-1401.77880859375,1074.744384765625,51.7525749206543
2841.0,932.0,3572.7427,365.1642,-1405.74267578125,1077.8358154296875,51.795759201049805
2841.0,932.0,3577.0503,361.80466,-1410.05029296875,1081.1953125,51.83847713470459
2841.0,932.0,3580.697,358.9604,-1413.697021484375,1084.03955078125,51.88032793998718
2841.0,932.0,3584.5408,355.9626,-1417.540771484375,1087.037353515625,51.92575216293335
2841.0,932.0,3588.7725,352.6621,-1421.7724609375,1090.337890625,51.966768980026245
2841.0,932.0,3592.604,349.67374,-1425.60400390625,1093.3262939453125,52.00884413719177
2842.0,931.0,3596.4736,346.65573,-1429.4736328125,1096.34423828125,52.0497829914093
2842.0,931.0,3600.255,343.70663,-1433.2548828125,1099.2933349609375,52.08807301521301
2842.0,931.0,3603.837,340.91278,-1436.8369140625,1102.087158203125,52.13078188896179
2843.0,931.0,3607.828,337.8001,-1440.827880859375,1105.199951171875,52.17442798614502
2843.0,931.0,3611.9895,334.55417,-1444.989501953125,1108.44580078125,52.214996099472046
2843.0,931.0,3615.9646,331.45374,-1448.964599609375,1111.5462646484375,52.258163928985596
2844.0,931.0,3619.7686,328.48685,-1452.7685546875,1114.51318359375,52.298856019973755
2844.0,930.0,3623.5657,325.52518,-1456.565673828125,1117.474853515625,52.33670616149902
2844.0,930.0,3627.294,322.61728,-1460.2939453125,1120.3826904296875,52.38048791885376
2844.0,930.0,3631.456,319.37088,-1464.4560546875,1123.629150390625,52.425124168395996
2845.0,929.0,3635.5144,316.20554,-1468.514404296875,1126.79443359375,52.46753692626953
2845.0,929.0,3639.5752,313.03824,-1472.5751953125,1129.9617919921875,52.507057905197144
2845.0,929.0,3643.2893,310.14133,-1476.289306640625,1132.858642578125,52.548161029815674
2845.0,929.0,3647.1807,307.10608,-1480.1806640625,1135.8939208984375,52.5886971950531
2845.0,929.0,3651.2637,303.92136,-1484.263671875,1139.07861328125,52.64192318916321
2845.0,929.0,3656.7058,299.6765,-1489.705810546875,1143.323486328125,52.92113423347473
2846.0,928.0,3683.0232,279.14896,-1516.023193359375,1163.85107421875,52.99376893043518
2846.0,928.0,3690.233,273.5252,-1523.23291015625,1169.474853515625,53.050798177719116
2846.0,928.0,3696.0142,269.0158,-1529.01416015625,1173.984130859375,53.16806101799011
2847.0,928.0,3707.0156,260.43442,-1540.015625,1182.5655517578125,53.2342689037323
2847.0,927.0,3713.5156,255.36429,-1546.515625,1187.6357421875,53.284075021743774
2847.0,927.0,3718.3757,251.57317,-1551.375732421875,1191.4268798828125,53.36152195930481
2848.0,927.0,3725.82,245.76631,-1558.820068359375,1197.233642578125,53.43795108795166
2848.0,927.0,3733.4426,239.8204,-1566.442626953125,1203.1795654296875,53.55029892921448
2848.0,927.0,3744.53,231.17181,-1577.530029296875,1211.828125,53.60498523712158
2848.0,927.0,3750.1736,226.76959,-1583.173583984375,1216.23046875,53.66247892379761
2849.0,926.0,3755.7244,222.43965,-1588.724365234375,1220.560302734375,53.79808497428894
2849.0,926.0,3769.2102,211.91992,-1602.210205078125,1231.080078125,53.86079812049866
2849.0,926.0,3775.492,207.01967,-1608.491943359375,1235.9803466796875,53.93361306190491
2849.0,926.0,3783.1416,201.0524,-1616.1416015625,1241.9476318359375,54.04177212715149
2850.0,925.0,3793.6643,192.84393,-1626.664306640625,1250.156005859375,54.090842962265015
2850.0,925.0,3798.6196,188.9784,-1631.61962890625,1254.0216064453125,54.14113903045654
2850.0,925.0,3803.8345,184.91037,-1636.83447265625,1258.089599609375,54.190190076828
2850.0,925.0,3809.1184,180.78839,-1642.118408203125,1262.211669921875,54.24026703834534
2850.0,925.0,3813.898,177.05992,-1646.89794921875,1265.9400634765625,54.28777289390564
2850.0,925.0,3819.66,172.56503,-1652.659912109375,1270.4349365234375,54.43826413154602
2851.0,924.0,3834.295,161.14818,-1667.294921875,1281.851806640625,54.51751208305359
2851.0,924.0,3842.1228,155.04167,-1675.122802734375,1287.9583740234375,54.679065227508545
2851.0,924.0,3858.865,141.98079,-1691.864990234375,1301.0191650390625,54.76388883590698
2851.0,924.0,3867.6567,135.12207,-1700.65673828125,1307.8779296875,54.81985592842102
2852.0,924.0,3873.3855,130.65288,-1706.385498046875,1312.34716796875,54.861746072769165
2852.0,924.0,3877.9285,127.10876,-1710.928466796875,1315.8912353515625,54.914690017700195
2852.0,923.0,3885.3079,121.35188,-1718.307861328125,1321.6480712890625,55.09308695793152
2853.0,923.0,3902.0007,108.32906,-1735.000732421875,1334.6708984375,55.16992425918579
2853.0,923.0,3910.2524,101.89152,-1743.25244140625,1341.1085205078125,55.221468925476074
2853.0,923.0,3915.5344,97.77076,-1748.534423828125,1345.229248046875,55.27092504501343
2853.0,923.0,3921.0376,93.47736,-1754.03759765625,1349.5225830078125,55.32627606391907
2853.0,923.0,3926.6956,89.06322,-1759.695556640625,1353.936767578125,55.37307286262512
2853.0,922.0,3931.6018,85.235466,-1764.601806640625,1357.7645263671875,55.430603981018066
2853.0,922.0,3937.7341,80.45127,-1770.734130859375,1362.5487060546875,55.47352719306946
2853.0,922.0,3942.591,76.66205,-1775.591064453125,1366.337890625,55.519575119018555
2854.0,922.0,3947.1768,73.08449,-1780.1767578125,1369.91552734375,55.57226920127869
2854.0,921.0,3953.78,67.93284,-1786.780029296875,1375.067138671875,55.65678811073303
2854.0,921.0,3966.4038,58.084072,-1799.40380859375,1384.9158935546875,55.753355979919434
2854.0,921.0,3972.2563,53.518005,-1805.25634765625,1389.48193359375,55.86096405982971
2855.0,921.0,3984.4067,44.0385,-1817.40673828125,1398.9615478515625,56.07027316093445
2855.0,921.0,4006.7625,26.596676,-1839.762451171875,1416.4033203125,56.123039960861206
2855.0,921.0,4015.0151,20.15795,-1848.01513671875,1422.842041015625,56.298964977264404
2855.0,921.0,4031.7036,7.137523,-1864.70361328125,1435.8624267578125,56.357500076293945
2856.0,920.0,4038.5242,1.8159612,-1871.524169921875,1441.18408203125,56.427223205566406
2856.0,920.0,4046.806,-4.6455326,-1879.805908203125,1447.6455078125,56.60590696334839
2856.0,920.0,4067.1106,-20.487717,-1900.110595703125,1463.4876708984375,56.71644592285156
2856.0,920.0,4079.163,-29.891397,-1912.1630859375,1472.891357421875,56.786470890045166
2856.0,920.0,4085.7722,-35.048126,-1918.772216796875,1478.048095703125,56.85519218444824
2857.0,920.0,4094.0188,-41.482372,-1927.018798828125,1484.482421875,56.93819284439087
2857.0,920.0,4102.76,-48.302444,-1935.759765625,1491.302490234375,57.00653600692749
2857.0,919.0,4111.3535,-55.007793,-1944.353515625,1498.0078125,57.07223606109619
2857.0,919.0,4118.537,-60.61275,-1951.537109375,1503.61279296875,57.137036085128784
2858.0,919.0,4126.0244,-66.45466,-1959.0244140625,1509.4547119140625,57.22691512107849
2858.0,919.0,4135.907,-74.165825,-1968.9072265625,1517.165771484375,57.30284905433655
2858.0,918.0,4144.554,-80.912766,-1977.55419921875,1523.9127197265625,57.39551901817322
2858.0,919.0,4154.8516,-88.947365,-1987.8515625,1531.9473876953125,57.46429204940796
2858.0,919.0,4162.486,-94.90402,-1995.48583984375,1537.904052734375,57.52472400665283
2858.0,918.0,4169.3784,-100.28212,-2002.37841796875,1543.2821044921875,57.57927989959717
2858.0,918.0,4175.915,-105.3824,-2008.9150390625,1548.3824462890625,57.635786056518555
2859.0,918.0,4182.485,-110.50882,-2015.48486328125,1553.5087890625,57.68796396255493
2859.0,918.0,4188.63,-115.30372,-2021.6298828125,1558.3037109375,57.75036907196045
2859.0,918.0,4195.8525,-120.93956,-2028.8525390625,1563.9395751953125,57.85268211364746
2859.0,918.0,4207.19,-129.78581,-2040.18994140625,1572.7857666015625,57.93996596336365
2860.0,917.0,4219.835,-139.65263,-2052.8349609375,1582.652587890625,58.03591823577881
2860.0,917.0,4228.7505,-146.60947,-2061.75048828125,1589.6094970703125,58.09202313423157
2860.0,917.0,4235.1514,-151.60417,-2068.1513671875,1594.6041259765625,58.146507024765015
2860.0,917.0,4241.6187,-156.65079,-2074.61865234375,1599.6507568359375,58.20536804199219
2860.0,917.0,4248.589,-162.08952,-2081.5888671875,1605.0894775390625,58.27561092376709
2860.0,916.0,4257.119,-168.74565,-2090.119140625,1611.74560546875,58.34061813354492
2861.0,916.0,4264.838,-174.76857,-2097.837890625,1617.7685546875,58.404797077178955
2861.0,916.0,4272.242,-180.54607,-2105.2421875,1623.5460205078125,58.46837902069092
2861.0,916.0,4279.429,-186.1542,-2112.42919921875,1629.1541748046875,58.52819514274597
2861.0,916.0,4286.544,-191.70607,-2119.5439453125,1634.7060546875,58.5766179561615
2861.0,916.0,4292.375,-196.25613,-2125.375,1639.256103515625,58.62779498100281
2862.0,916.0,4298.3813,-200.94298,-2131.38134765625,1643.9429931640625,58.67309808731079
2862.0,916.0,4304.0234,-205.34555,-2137.0234375,1648.3455810546875,58.71954798698425
2862.0,916.0,4309.326,-209.48335,-2142.326171875,1652.4833984375,58.771541118621826
2862.0,916.0,4315.6147,-214.39046,-2148.61474609375,1657.3905029296875,58.819984912872314
2862.0,916.0,4321.714,-219.14969,-2154.7138671875,1662.149658203125,58.87376689910889
2862.0,915.0,4327.8135,-223.90942,-2160.8134765625,1666.909423828125,58.92425513267517
2862.0,915.0,4334.234,-228.91934,-2167.23388671875,1671.9193115234375,58.97550392150879
2862.0,915.0,4340.7383,-233.99495,-2173.73828125,1676.9949951171875,59.045724868774414
2863.0,915.0,4348.867,-240.33841,-2181.8671875,1683.33837890625,59.21120595932007
2863.0,914.0,4370.948,-257.56946,-2203.9482421875,1700.5694580078125,59.33739113807678
2863.0,914.0,4384.0425,-267.78754,-2217.04248046875,1710.78759765625,59.41143608093262
2863.0,914.0,4393.5503,-275.20694,-2226.55029296875,1718.2069091796875,59.524681091308594
2864.0,914.0,4407.7373,-286.27798,-2240.7373046875,1729.2779541015625,59.60164213180542
2864.0,914.0,4416.5044,-293.11954,-2249.50439453125,1736.1195068359375,59.66261315345764
2864.0,914.0,4423.864,-298.86264,-2256.86376953125,1741.8626708984375,59.705602169036865
2864.0,914.0,4429.079,-302.93246,-2262.0791015625,1745.9324951171875,59.74857711791992
2864.0,914.0,4434.3438,-307.04086,-2267.34375,1750.0408935546875,59.7926230430603
2864.0,914.0,4439.7803,-311.28357,-2272.7802734375,1754.2835693359375,59.83388900756836
2864.0,914.0,4444.883,-315.26532,-2277.8828125,1758.265380859375,59.880046129226685
2865.0,914.0,4450.6274,-319.74826,-2283.62744140625,1762.748291015625,59.92051696777344
2865.0,913.0,4455.638,-323.65848,-2288.63818359375,1766.658447265625,59.96044397354126
2865.0,913.0,4460.7925,-327.68076,-2293.79248046875,1770.6807861328125,60.00277400016785
